0.000000 0.000000  1.000000 0.500000
0.005000 0.005000  0.955950 0.505970
0.010000 0.009780  0.911469 0.511327
0.015000 0.014337  0.866573 0.516121
0.020000 0.018670  0.821278 0.520401
0.025000 0.022776  0.775600 0.524214
0.030000 0.026654  0.729558 0.527607
0.035000 0.030302  0.683169 0.530624
0.040000 0.033718  0.636453 0.533310
0.045000 0.036900  0.589428 0.535704
0.050000 0.039847  0.542115 0.537848
0.055000 0.042558  0.494535 0.539776
0.060000 0.045031  0.446708 0.541525
0.065000 0.047264  0.398655 0.543125
0.070000 0.049257  0.350400 0.544606
0.075000 0.051009  0.301964 0.545994
0.080000 0.052519  0.253370 0.547312
0.085000 0.053786  0.204641 0.548581
0.090000 0.054809  0.155800 0.549816
0.095000 0.055588  0.106872 0.551032
0.100000 0.056123  0.057879 0.552239
0.105000 0.056412  0.008846 0.553442
0.110000 0.056456  -0.040204 0.554645
0.115000 0.056255  -0.089246 0.555847
0.120000 0.055809  -0.138256 0.557044
0.125000 0.055118  -0.187211 0.558229
0.130000 0.054182  -0.236085 0.559391
0.135000 0.053001  -0.284857 0.560514
0.140000 0.051577  -0.333501 0.561582
0.145000 0.049910  -0.381995 0.562572
0.150000 0.048000  -0.430315 0.563461
0.155000 0.045848  -0.478439 0.564221
0.160000 0.043456  -0.526345 0.564821
0.165000 0.040824  -0.574010 0.565227
0.170000 0.037954  -0.621412 0.565405
0.175000 0.034847  -0.668531 0.565316
0.180000 0.031504  -0.715347 0.564918
0.185000 0.027928  -0.761838 0.564168
0.190000 0.024118  -0.807986 0.563022
0.195000 0.020078  -0.853772 0.561433
0.200000 0.015810  -0.899177 0.559352
0.205000 0.011314  -0.944185 0.556730
0.210000 0.006593  -0.988777 0.553515
0.215000 0.001649  -1.032939 0.549657
0.220000 -0.003516  -1.076654 0.545102
0.225000 -0.008899  -1.119908 0.539797
0.230000 -0.014499  -1.162687 0.533689
0.235000 -0.020312  -1.204978 0.526725
0.240000 -0.026337  -1.246768 0.518850
0.245000 -0.032571  -1.288046 0.510012
0.250000 -0.039011  -1.328801 0.500157
0.255000 -0.045655  -1.369022 0.489235
0.260000 -0.052500  -1.408701 0.477193
0.265000 -0.059544  -1.447829 0.463981
0.270000 -0.066783  -1.486398 0.449550
0.275000 -0.074215  -1.524401 0.433852
0.280000 -0.081837  -1.561832 0.416841
0.285000 -0.089646  -1.598685 0.398471
0.290000 -0.097639  -1.634956 0.378699
0.295000 -0.105814  -1.670641 0.357484
0.300000 -0.114167  -1.705736 0.334785
0.305000 -0.122696  -1.740238 0.310566
0.310000 -0.131397  -1.774146 0.284790
0.315000 -0.140268  -1.807458 0.257423
0.320000 -0.149305  -1.840173 0.228435
0.325000 -0.158506  -1.872292 0.197794
0.330000 -0.167868  -1.903815 0.165474
0.335000 -0.177387  -1.934742 0.131451
0.340000 -0.187060  -1.965076 0.095700
0.345000 -0.196886  -1.994819 0.058201
0.350000 -0.206860  -2.023972 0.018936
0.355000 -0.216980  -2.052540 -0.022111
0.360000 -0.227242  -2.080525 -0.064956
0.365000 -0.237645  -2.107932 -0.109609
0.370000 -0.248185  -2.134765 -0.156080
0.375000 -0.258859  -2.161029 -0.204378
0.380000 -0.269664  -2.186729 -0.254509
0.385000 -0.280597  -2.211870 -0.306475
0.390000 -0.291657  -2.236458 -0.360279
0.395000 -0.302839  -2.260499 -0.415921
0.400000 -0.314141  -2.284000 -0.473399
0.405000 -0.325561  -2.306967 -0.532710
0.410000 -0.337096  -2.329406 -0.593847
0.415000 -0.348743  -2.351326 -0.656806
0.420000 -0.360500  -2.372732 -0.721576
0.425000 -0.372364  -2.393633 -0.788148
0.430000 -0.384332  -2.414035 -0.856511
0.435000 -0.396402  -2.433948 -0.926653
0.440000 -0.408572  -2.453377 -0.998559
0.445000 -0.420839  -2.472332 -1.072214
0.450000 -0.433200  -2.490820 -1.147603
0.455000 -0.445654  -2.508849 -1.224708
0.460000 -0.458199  -2.526427 -1.303511
0.465000 -0.470831  -2.543563 -1.383993
0.470000 -0.483549  -2.560264 -1.466134
0.475000 -0.496350  -2.576540 -1.549914
0.480000 -0.509233  -2.592397 -1.635311
0.485000 -0.522195  -2.607844 -1.722302
0.490000 -0.535234  -2.622890 -1.810867
0.495000 -0.548348  -2.637542 -1.900981
0.500000 -0.561536  -2.651809 -1.992622
0.505000 -0.574795  -2.665699 -2.085764
0.510000 -0.588123  -2.679219 -2.180384
0.515000 -0.601520  -2.692378 -2.276458
0.520000 -0.614981  -2.705183 -2.373959
0.525000 -0.628507  -2.717643 -2.472865
0.530000 -0.642096  -2.729765 -2.573148
0.535000 -0.655744  -2.741557 -2.674784
0.540000 -0.669452  -2.753027 -2.777748
0.545000 -0.683217  -2.764181 -2.882014
0.550000 -0.697038  -2.775027 -2.987557
0.555000 -0.710913  -2.785573 -3.094350
0.560000 -0.724841  -2.795826 -3.202370
0.565000 -0.738820  -2.805793 -3.311590
0.570000 -0.752849  -2.815481 -3.421986
0.575000 -0.766927  -2.824896 -3.533532
0.580000 -0.781051  -2.834046 -3.646204
0.585000 -0.795221  -2.842937 -3.759977
0.590000 -0.809436  -2.851575 -3.874827
0.595000 -0.823694  -2.859968 -3.990730
0.600000 -0.837994  -2.868121 -4.107661
0.605000 -0.852334  -2.876040 -4.225597
0.610000 -0.866715  -2.883732 -4.344515
0.615000 -0.881133  -2.891203 -4.464391
0.620000 -0.895589  -2.898457 -4.585203
0.625000 -0.910082  -2.905502 -4.706929
0.630000 -0.924609  -2.912342 -4.829546
0.635000 -0.939171  -2.918984 -4.953033
0.640000 -0.953766  -2.925431 -5.077367
0.645000 -0.968393  -2.931691 -5.202529
0.650000 -0.983051  -2.937767 -5.328497
0.655000 -0.997740  -2.943664 -5.455252
0.660000 -1.012458  -2.949388 -5.582772
0.665000 -1.027205  -2.954944 -5.711038
0.670000 -1.041980  -2.960336 -5.840032
0.675000 -1.056782  -2.965568 -5.969734
0.680000 -1.071610  -2.970645 -6.100126
0.685000 -1.086463  -2.975571 -6.231190
0.690000 -1.101341  -2.980351 -6.362907
0.695000 -1.116243  -2.984988 -6.495261
0.700000 -1.131167  -2.989488 -6.628235
0.705000 -1.146115  -2.993852 -6.761811
0.710000 -1.161084  -2.998087 -6.895974
0.715000 -1.176075  -3.002194 -7.030707
0.720000 -1.191086  -3.006178 -7.165996
0.725000 -1.206116  -3.010043 -7.301824
0.730000 -1.221167  -3.013791 -7.438177
0.735000 -1.236236  -3.017426 -7.575041
0.740000 -1.251323  -3.020952 -7.712401
0.745000 -1.266427  -3.024371 -7.850243
0.750000 -1.281549  -3.027687 -7.988555
0.755000 -1.296688  -3.030903 -8.127322
0.760000 -1.311842  -3.034021 -8.266532
0.765000 -1.327012  -3.037044 -8.406173
0.770000 -1.342198  -3.039976 -8.546231
0.775000 -1.357398  -3.042819 -8.686696
0.780000 -1.372612  -3.045575 -8.827556
0.785000 -1.387839  -3.048248 -8.968799
0.790000 -1.403081  -3.050838 -9.110414
0.795000 -1.418335  -3.053350 -9.252391
0.800000 -1.433602  -3.055786 -9.394719
0.805000 -1.448881  -3.058146 -9.537389
0.810000 -1.464171  -3.060435 -9.680389
0.815000 -1.479473  -3.062654 -9.823711
0.820000 -1.494787  -3.064805 -9.967344
0.825000 -1.510111  -3.066889 -10.111281
0.830000 -1.525445  -3.068910 -10.255512
0.835000 -1.540790  -3.070869 -10.400028
0.840000 -1.556144  -3.072768 -10.544822
0.845000 -1.571508  -3.074609 -10.689884
0.850000 -1.586881  -3.076393 -10.835207
0.855000 -1.602263  -3.078122 -10.980784
0.860000 -1.617654  -3.079797 -11.126606
0.865000 -1.633053  -3.081422 -11.272666
0.870000 -1.648460  -3.082996 -11.418958
0.875000 -1.663875  -3.084522 -11.565474
0.880000 -1.679297  -3.086000 -11.712208
0.885000 -1.694727  -3.087433 -11.859153
0.890000 -1.710164  -3.088822 -12.006302
0.895000 -1.725609  -3.090168 -12.153651
0.900000 -1.741059  -3.091472 -12.301192
0.905000 -1.756517  -3.092736 -12.448921
0.910000 -1.771980  -3.093961 -12.596830
0.915000 -1.787450  -3.095148 -12.744916
0.920000 -1.802926  -3.096298 -12.893172
0.925000 -1.818407  -3.097413 -13.041593
0.930000 -1.833895  -3.098493 -13.190175
0.935000 -1.849387  -3.099540 -13.338912
0.940000 -1.864885  -3.100554 -13.487801
0.945000 -1.880387  -3.101537 -13.636835
0.950000 -1.895895  -3.102489 -13.786011
0.955000 -1.911408  -3.103412 -13.935325
0.960000 -1.926925  -3.104306 -14.084772
0.965000 -1.942446  -3.105173 -14.234348
0.970000 -1.957972  -3.106012 -14.384050
0.975000 -1.973502  -3.106826 -14.533873
0.980000 -1.989036  -3.107614 -14.683814
0.985000 -2.004574  -3.108378 -14.833869
0.990000 -2.020116  -3.109118 -14.984034
0.995000 -2.035662  -3.109834 -15.134307
