0.000000 0.000000  1.000000 0.500000
0.002500 0.002500  0.975475 0.500301
0.005000 0.004939  0.950950 0.500601
0.007500 0.007316  0.926425 0.500902
0.010000 0.009632  0.901900 0.501203
0.012500 0.011887  0.877375 0.501504
0.015000 0.014080  0.852850 0.501804
0.017500 0.016212  0.828325 0.502105
0.020000 0.018283  0.803800 0.502406
0.022500 0.020293  0.779275 0.502707
0.025000 0.022241  0.754750 0.503007
0.027500 0.024128  0.730225 0.503308
0.030000 0.025953  0.705700 0.503609
0.032500 0.027718  0.681175 0.503910
0.035000 0.029421  0.656650 0.504210
0.037500 0.031062  0.632125 0.504511
0.040000 0.032642  0.607600 0.504812
0.042500 0.034161  0.583075 0.505113
0.045000 0.035619  0.558550 0.505413
0.047500 0.037016  0.534025 0.505714
0.050000 0.038351  0.509500 0.506015
0.052500 0.039624  0.484975 0.506315
0.055000 0.040837  0.460450 0.506616
0.057500 0.041988  0.435925 0.506917
0.060000 0.043078  0.411400 0.507218
0.062500 0.044106  0.386875 0.507518
0.065000 0.045073  0.362350 0.507819
0.067500 0.045979  0.337825 0.508120
0.070000 0.046824  0.313300 0.508421
0.072500 0.047607  0.288775 0.508721
0.075000 0.048329  0.264250 0.509022
0.077500 0.048990  0.239725 0.509323
0.080000 0.049589  0.215200 0.509624
0.082500 0.050127  0.190675 0.509924
0.085000 0.050604  0.166150 0.510225
0.087500 0.051019  0.141625 0.510526
0.090000 0.051373  0.117100 0.510827
0.092500 0.051666  0.092575 0.511127
0.095000 0.051897  0.068050 0.511428
0.097500 0.052067  0.043525 0.511729
0.100000 0.052176  0.019000 0.512030
0.102500 0.052224  -0.005525 0.512330
0.105000 0.052210  -0.030050 0.512631
0.107500 0.052135  -0.054575 0.512932
0.110000 0.051998  -0.079100 0.513232
0.112500 0.051801  -0.103625 0.513533
0.115000 0.051542  -0.128150 0.513834
0.117500 0.051221  -0.152675 0.514135
0.120000 0.050839  -0.177200 0.514435
0.122500 0.050396  -0.201725 0.514736
0.125000 0.049892  -0.226250 0.515037
0.127500 0.049327  -0.250775 0.515338
0.130000 0.048700  -0.275300 0.515638
0.132500 0.048011  -0.299825 0.515939
0.135000 0.047262  -0.324350 0.516240
0.137500 0.046451  -0.348875 0.516541
0.140000 0.045579  -0.373400 0.516841
0.142500 0.044645  -0.397925 0.517142
0.145000 0.043650  -0.422450 0.517443
0.147500 0.042594  -0.446975 0.517744
0.150000 0.041477  -0.471500 0.518044
0.152500 0.040298  -0.496025 0.518345
0.155000 0.039058  -0.520550 0.518646
0.157500 0.037757  -0.545075 0.518946
0.160000 0.036394  -0.569600 0.519247
0.162500 0.034970  -0.594125 0.519548
0.165000 0.033485  -0.618650 0.519849
0.167500 0.031938  -0.643175 0.520149
0.170000 0.030330  -0.667700 0.520450
0.172500 0.028661  -0.692225 0.520751
0.175000 0.026930  -0.716750 0.521052
0.177500 0.025138  -0.741275 0.521352
0.180000 0.023285  -0.765800 0.521653
0.182500 0.021371  -0.790325 0.521954
0.185000 0.019395  -0.814850 0.522255
0.187500 0.017358  -0.839375 0.522555
0.190000 0.015259  -0.863900 0.522856
0.192500 0.013100  -0.888425 0.523157
0.195000 0.010879  -0.912950 0.523458
0.197500 0.008596  -0.937475 0.523758
0.200000 0.006252  -0.962000 0.524059
0.202500 0.003847  -0.986525 0.524360
0.205000 0.001381  -1.011050 0.524661
0.207500 -0.001146  -1.035575 0.524961
0.210000 -0.003735  -1.060100 0.525262
0.212500 -0.006386  -1.084625 0.525563
0.215000 -0.009097  -1.109150 0.525863
0.217500 -0.011870  -1.133675 0.526164
0.220000 -0.014704  -1.158200 0.526465
0.222500 -0.017600  -1.182725 0.526766
0.225000 -0.020557  -1.207250 0.527066
0.227500 -0.023575  -1.231775 0.527367
0.230000 -0.026654  -1.256300 0.527668
0.232500 -0.029795  -1.280825 0.527969
0.235000 -0.032997  -1.305350 0.528269
0.237500 -0.036260  -1.329875 0.528570
0.240000 -0.039585  -1.354400 0.528871
0.242500 -0.042971  -1.378925 0.529172
0.245000 -0.046418  -1.403450 0.529472
0.247500 -0.049927  -1.427975 0.529773
0.250000 -0.053497  -1.452500 0.530074
0.252500 -0.057128  -1.477025 0.530375
0.255000 -0.060821  -1.501550 0.530675
0.257500 -0.064575  -1.526075 0.530976
0.260000 -0.068390  -1.550600 0.531277
0.262500 -0.072266  -1.575125 0.531577
0.265000 -0.076204  -1.599650 0.531878
0.267500 -0.080203  -1.624175 0.532179
0.270000 -0.084264  -1.648700 0.532480
0.272500 -0.088385  -1.673225 0.532780
0.275000 -0.092568  -1.697750 0.533081
0.277500 -0.096813  -1.722275 0.533382
0.280000 -0.101119  -1.746800 0.533683
0.282500 -0.105486  -1.771325 0.533983
0.285000 -0.109914  -1.795850 0.534284
0.287500 -0.114403  -1.820375 0.534585
0.290000 -0.118954  -1.844900 0.534886
0.292500 -0.123567  -1.869425 0.535186
0.295000 -0.128240  -1.893950 0.535487
0.297500 -0.132975  -1.918475 0.535788
0.300000 -0.137771  -1.943000 0.536089
0.302500 -0.142629  -1.967525 0.536389
0.305000 -0.147548  -1.992050 0.536690
0.307500 -0.152528  -2.016575 0.536991
0.310000 -0.157569  -2.041100 0.537291
0.312500 -0.162672  -2.065625 0.537592
0.315000 -0.167836  -2.090150 0.537893
0.317500 -0.173061  -2.114675 0.538194
0.320000 -0.178348  -2.139200 0.538494
0.322500 -0.183696  -2.163725 0.538795
0.325000 -0.189105  -2.188250 0.539096
0.327500 -0.194576  -2.212775 0.539397
0.330000 -0.200108  -2.237300 0.539697
0.332500 -0.205701  -2.261825 0.539998
0.335000 -0.211356  -2.286350 0.540299
0.337500 -0.217072  -2.310875 0.540600
0.340000 -0.222849  -2.335400 0.540900
0.342500 -0.228687  -2.359925 0.541201
0.345000 -0.234587  -2.384450 0.541502
0.347500 -0.240548  -2.408975 0.541803
0.350000 -0.246571  -2.433500 0.542103
0.352500 -0.252654  -2.458025 0.542404
0.355000 -0.258799  -2.482550 0.542705
0.357500 -0.265006  -2.507075 0.543006
0.360000 -0.271274  -2.531600 0.543306
0.362500 -0.277602  -2.556125 0.543607
0.365000 -0.283993  -2.580650 0.543908
0.367500 -0.290444  -2.605175 0.544208
0.370000 -0.296957  -2.629700 0.544509
0.372500 -0.303532  -2.654225 0.544810
0.375000 -0.310167  -2.678750 0.545111
0.377500 -0.316864  -2.703275 0.545411
0.380000 -0.323622  -2.727800 0.545712
0.382500 -0.330442  -2.752325 0.546013
0.385000 -0.337323  -2.776850 0.546314
0.387500 -0.344265  -2.801375 0.546614
0.390000 -0.351268  -2.825900 0.546915
0.392500 -0.358333  -2.850425 0.547216
0.395000 -0.365459  -2.874950 0.547517
0.397500 -0.372646  -2.899475 0.547817
0.400000 -0.379895  -2.924000 0.548118
0.402500 -0.387205  -2.948525 0.548419
0.405000 -0.394576  -2.973050 0.548720
0.407500 -0.402009  -2.997575 0.549020
0.410000 -0.409503  -3.022100 0.549321
0.412500 -0.417058  -3.046625 0.549622
0.415000 -0.424675  -3.071150 0.549922
0.417500 -0.432353  -3.095675 0.550223
0.420000 -0.440092  -3.120200 0.550524
0.422500 -0.447892  -3.144725 0.550825
0.425000 -0.455754  -3.169250 0.551125
0.427500 -0.463677  -3.193775 0.551426
0.430000 -0.471662  -3.218300 0.551727
0.432500 -0.479707  -3.242825 0.552028
0.435000 -0.487814  -3.267350 0.552328
0.437500 -0.495983  -3.291875 0.552629
0.440000 -0.504213  -3.316400 0.552930
0.442500 -0.512504  -3.340925 0.553231
0.445000 -0.520856  -3.365450 0.553531
0.447500 -0.529269  -3.389975 0.553832
0.450000 -0.537744  -3.414500 0.554133
0.452500 -0.546281  -3.439025 0.554434
0.455000 -0.554878  -3.463550 0.554734
0.457500 -0.563537  -3.488075 0.555035
0.460000 -0.572257  -3.512600 0.555336
0.462500 -0.581039  -3.537125 0.555636
0.465000 -0.589882  -3.561650 0.555937
0.467500 -0.598786  -3.586175 0.556238
0.470000 -0.607751  -3.610700 0.556539
0.472500 -0.616778  -3.635225 0.556839
0.475000 -0.625866  -3.659750 0.557140
0.477500 -0.635015  -3.684275 0.557441
0.480000 -0.644226  -3.708800 0.557742
0.482500 -0.653498  -3.733325 0.558042
0.485000 -0.662831  -3.757850 0.558343
0.487500 -0.672226  -3.782375 0.558644
0.490000 -0.681682  -3.806900 0.558945
0.492500 -0.691199  -3.831425 0.559245
0.495000 -0.700778  -3.855950 0.559546
0.497500 -0.710418  -3.880475 0.559847
0.500000 -0.720119  -3.905000 0.560148
0.502500 -0.729881  -3.929525 0.560448
0.505000 -0.739705  -3.954050 0.560749
0.507500 -0.749590  -3.978575 0.561050
0.510000 -0.759537  -4.003100 0.561351
0.512500 -0.769544  -4.027625 0.561651
0.515000 -0.779613  -4.052150 0.561952
0.517500 -0.789744  -4.076675 0.562253
0.520000 -0.799936  -4.101200 0.562553
0.522500 -0.810189  -4.125725 0.562854
0.525000 -0.820503  -4.150250 0.563155
0.527500 -0.830878  -4.174775 0.563456
0.530000 -0.841315  -4.199300 0.563756
0.532500 -0.851814  -4.223825 0.564057
0.535000 -0.862373  -4.248350 0.564358
0.537500 -0.872994  -4.272875 0.564659
0.540000 -0.883676  -4.297400 0.564959
0.542500 -0.894420  -4.321925 0.565260
0.545000 -0.905225  -4.346450 0.565561
0.547500 -0.916091  -4.370975 0.565862
0.550000 -0.927018  -4.395500 0.566162
0.552500 -0.938007  -4.420025 0.566463
0.555000 -0.949057  -4.444550 0.566764
0.557500 -0.960168  -4.469075 0.567065
0.560000 -0.971341  -4.493600 0.567365
0.562500 -0.982575  -4.518125 0.567666
0.565000 -0.993870  -4.542650 0.567967
0.567500 -1.005227  -4.567175 0.568267
0.570000 -1.016645  -4.591700 0.568568
0.572500 -1.028124  -4.616225 0.568869
0.575000 -1.039665  -4.640750 0.569170
0.577500 -1.051267  -4.665275 0.569470
0.580000 -1.062930  -4.689800 0.569771
0.582500 -1.074654  -4.714325 0.570072
0.585000 -1.086440  -4.738850 0.570373
0.587500 -1.098287  -4.763375 0.570673
0.590000 -1.110196  -4.787900 0.570974
0.592500 -1.122165  -4.812425 0.571275
0.595000 -1.134196  -4.836950 0.571576
0.597500 -1.146289  -4.861475 0.571876
0.600000 -1.158443  -4.886000 0.572177
0.602500 -1.170658  -4.910525 0.572478
0.605000 -1.182934  -4.935050 0.572779
0.607500 -1.195271  -4.959575 0.573079
0.610000 -1.207670  -4.984100 0.573380
0.612500 -1.220131  -5.008625 0.573681
0.615000 -1.232652  -5.033150 0.573982
0.617500 -1.245235  -5.057675 0.574282
0.620000 -1.257879  -5.082200 0.574583
0.622500 -1.270585  -5.106725 0.574884
0.625000 -1.283352  -5.131250 0.575184
0.627500 -1.296180  -5.155775 0.575485
0.630000 -1.309069  -5.180300 0.575786
0.632500 -1.322020  -5.204825 0.576087
0.635000 -1.335032  -5.229350 0.576387
0.637500 -1.348105  -5.253875 0.576688
0.640000 -1.361240  -5.278400 0.576989
0.642500 -1.374436  -5.302925 0.577290
0.645000 -1.387693  -5.327450 0.577590
0.647500 -1.401012  -5.351975 0.577891
0.650000 -1.414392  -5.376500 0.578192
0.652500 -1.427833  -5.401025 0.578493
0.655000 -1.441336  -5.425550 0.578793
0.657500 -1.454900  -5.450075 0.579094
0.660000 -1.468525  -5.474600 0.579395
0.662500 -1.482211  -5.499125 0.579696
0.665000 -1.495959  -5.523650 0.579996
0.667500 -1.509768  -5.548175 0.580297
0.670000 -1.523639  -5.572700 0.580598
0.672500 -1.537570  -5.597225 0.580898
0.675000 -1.551563  -5.621750 0.581199
0.677500 -1.565618  -5.646275 0.581500
0.680000 -1.579734  -5.670800 0.581801
0.682500 -1.593911  -5.695325 0.582101
0.685000 -1.608149  -5.719850 0.582402
0.687500 -1.622448  -5.744375 0.582703
0.690000 -1.636809  -5.768900 0.583004
0.692500 -1.651232  -5.793425 0.583304
0.695000 -1.665715  -5.817950 0.583605
0.697500 -1.680260  -5.842475 0.583906
0.700000 -1.694866  -5.867000 0.584207
0.702500 -1.709534  -5.891525 0.584507
0.705000 -1.724263  -5.916050 0.584808
0.707500 -1.739053  -5.940575 0.585109
0.710000 -1.753904  -5.965100 0.585410
0.712500 -1.768817  -5.989625 0.585710
0.715000 -1.783791  -6.014150 0.586011
0.717500 -1.798826  -6.038675 0.586312
0.720000 -1.813923  -6.063200 0.586612
0.722500 -1.829081  -6.087725 0.586913
0.725000 -1.844300  -6.112250 0.587214
0.727500 -1.859581  -6.136775 0.587515
0.730000 -1.874923  -6.161300 0.587815
0.732500 -1.890326  -6.185825 0.588116
0.735000 -1.905791  -6.210350 0.588417
0.737500 -1.921317  -6.234875 0.588718
0.740000 -1.936904  -6.259400 0.589018
0.742500 -1.952552  -6.283925 0.589319
0.745000 -1.968262  -6.308450 0.589620
0.747500 -1.984033  -6.332975 0.589921
0.750000 -1.999866  -6.357500 0.590221
0.752500 -2.015759  -6.382025 0.590522
0.755000 -2.031714  -6.406550 0.590823
0.757500 -2.047731  -6.431075 0.591124
0.760000 -2.063808  -6.455600 0.591424
0.762500 -2.079947  -6.480125 0.591725
0.765000 -2.096148  -6.504650 0.592026
0.767500 -2.112409  -6.529175 0.592327
0.770000 -2.128732  -6.553700 0.592627
0.772500 -2.145117  -6.578225 0.592928
0.775000 -2.161562  -6.602750 0.593229
0.777500 -2.178069  -6.627275 0.593529
0.780000 -2.194637  -6.651800 0.593830
0.782500 -2.211267  -6.676325 0.594131
0.785000 -2.227958  -6.700850 0.594432
0.787500 -2.244710  -6.725375 0.594732
0.790000 -2.261523  -6.749900 0.595033
0.792500 -2.278398  -6.774425 0.595334
0.795000 -2.295334  -6.798950 0.595635
0.797500 -2.312331  -6.823475 0.595935
0.800000 -2.329390  -6.848000 0.596236
0.802500 -2.346510  -6.872525 0.596537
0.805000 -2.363691  -6.897050 0.596838
0.807500 -2.380934  -6.921575 0.597138
0.810000 -2.398238  -6.946100 0.597439
0.812500 -2.415603  -6.970625 0.597740
0.815000 -2.433030  -6.995150 0.598041
0.817500 -2.450518  -7.019675 0.598341
0.820000 -2.468067  -7.044200 0.598642
0.822500 -2.485677  -7.068725 0.598943
0.825000 -2.503349  -7.093250 0.599243
0.827500 -2.521082  -7.117775 0.599544
0.830000 -2.538877  -7.142300 0.599845
0.832500 -2.556732  -7.166825 0.600146
0.835000 -2.574649  -7.191350 0.600446
0.837500 -2.592628  -7.215875 0.600747
0.840000 -2.610667  -7.240400 0.601048
0.842500 -2.628768  -7.264925 0.601349
0.845000 -2.646931  -7.289450 0.601649
0.847500 -2.665154  -7.313975 0.601950
0.850000 -2.683439  -7.338500 0.602251
0.852500 -2.701786  -7.363025 0.602552
0.855000 -2.720193  -7.387550 0.602852
0.857500 -2.738662  -7.412075 0.603153
0.860000 -2.757192  -7.436600 0.603454
0.862500 -2.775784  -7.461125 0.603755
0.865000 -2.794437  -7.485650 0.604055
0.867500 -2.813151  -7.510175 0.604356
0.870000 -2.831926  -7.534700 0.604657
0.872500 -2.850763  -7.559225 0.604957
0.875000 -2.869661  -7.583750 0.605258
0.877500 -2.888620  -7.608275 0.605559
0.880000 -2.907641  -7.632800 0.605860
0.882500 -2.926723  -7.657325 0.606160
0.885000 -2.945866  -7.681850 0.606461
0.887500 -2.965071  -7.706375 0.606762
0.890000 -2.984337  -7.730900 0.607063
0.892500 -3.003664  -7.755425 0.607363
0.895000 -3.023053  -7.779950 0.607664
0.897500 -3.042503  -7.804475 0.607965
0.900000 -3.062014  -7.829000 0.608266
0.902500 -3.081586  -7.853525 0.608566
0.905000 -3.101220  -7.878050 0.608867
0.907500 -3.120915  -7.902575 0.609168
0.910000 -3.140672  -7.927100 0.609469
0.912500 -3.160489  -7.951625 0.609769
0.915000 -3.180368  -7.976150 0.610070
0.917500 -3.200309  -8.000675 0.610371
0.920000 -3.220310  -8.025200 0.610672
0.922500 -3.240373  -8.049725 0.610972
0.925000 -3.260498  -8.074250 0.611273
0.927500 -3.280683  -8.098775 0.611574
0.930000 -3.300930  -8.123300 0.611874
0.932500 -3.321239  -8.147825 0.612175
0.935000 -3.341608  -8.172350 0.612476
0.937500 -3.362039  -8.196875 0.612777
0.940000 -3.382531  -8.221400 0.613077
0.942500 -3.403085  -8.245925 0.613378
0.945000 -3.423700  -8.270450 0.613679
0.947500 -3.444376  -8.294975 0.613980
0.950000 -3.465113  -8.319500 0.614280
0.952500 -3.485912  -8.344025 0.614581
0.955000 -3.506772  -8.368550 0.614882
0.957500 -3.527693  -8.393075 0.615183
0.960000 -3.548676  -8.417600 0.615483
0.962500 -3.569720  -8.442125 0.615784
0.965000 -3.590825  -8.466650 0.616085
0.967500 -3.611992  -8.491175 0.616386
0.970000 -3.633220  -8.515700 0.616686
0.972500 -3.654509  -8.540225 0.616987
0.975000 -3.675860  -8.564750 0.617288
0.977500 -3.697272  -8.589275 0.617588
0.980000 -3.718745  -8.613800 0.617889
0.982500 -3.740279  -8.638325 0.618190
0.985000 -3.761875  -8.662850 0.618491
0.987500 -3.783532  -8.687375 0.618791
0.990000 -3.805251  -8.711900 0.619092
0.992500 -3.827030  -8.736425 0.619393
0.995000 -3.848871  -8.760950 0.619694
0.997500 -3.870774  -8.785475 0.619994
1.000000 -3.892737  -8.810000 0.620295
