0.000000 0.000000  1.000000 0.500000
0.005000 0.004988  0.995025 0.543965
0.010000 0.009950  0.990099 0.587761
0.015000 0.014889  0.985222 0.631388
0.020000 0.019803  0.980392 0.674848
0.025000 0.024693  0.975610 0.718142
0.030000 0.029559  0.970874 0.761270
0.035000 0.034401  0.966184 0.804233
0.040000 0.039221  0.961538 0.847033
0.045000 0.044017  0.956938 0.889671
0.050000 0.048790  0.952381 0.932146
0.055000 0.053541  0.947867 0.974461
0.060000 0.058269  0.943396 1.016616
0.065000 0.062975  0.938967 1.058612
0.070000 0.067659  0.934579 1.100451
0.075000 0.072321  0.930233 1.142132
0.080000 0.076961  0.925926 1.183657
0.085000 0.081580  0.921659 1.225027
0.090000 0.086178  0.917431 1.266243
0.095000 0.090754  0.913242 1.307306
0.100000 0.095310  0.909091 1.348216
0.105000 0.099845  0.904977 1.388975
0.110000 0.104360  0.900901 1.429583
0.115000 0.108854  0.896861 1.470042
0.120000 0.113329  0.892857 1.510351
0.125000 0.117783  0.888889 1.550513
0.130000 0.122218  0.884956 1.590528
0.135000 0.126633  0.881057 1.630397
0.140000 0.131028  0.877193 1.670121
0.145000 0.135405  0.873362 1.709700
0.150000 0.139762  0.869565 1.749136
0.155000 0.144100  0.865801 1.788430
0.160000 0.148420  0.862069 1.827582
0.165000 0.152721  0.858369 1.866593
0.170000 0.157004  0.854701 1.905464
0.175000 0.161268  0.851064 1.944195
0.180000 0.165514  0.847458 1.982789
0.185000 0.169743  0.843882 2.021245
0.190000 0.173953  0.840336 2.059564
0.195000 0.178146  0.836820 2.097748
0.200000 0.182322  0.833333 2.135797
0.205000 0.186480  0.829876 2.173711
0.210000 0.190620  0.826446 2.211492
0.215000 0.194744  0.823045 2.249141
0.220000 0.198851  0.819672 2.286658
0.225000 0.202941  0.816327 2.324044
0.230000 0.207014  0.813008 2.361300
0.235000 0.211071  0.809717 2.398427
0.240000 0.215111  0.806452 2.435425
0.245000 0.219136  0.803213 2.472295
0.250000 0.223144  0.800000 2.509038
0.255000 0.227136  0.796813 2.545655
0.260000 0.231112  0.793651 2.582147
0.265000 0.235072  0.790514 2.618514
0.270000 0.239017  0.787402 2.654756
0.275000 0.242946  0.784314 2.690876
0.280000 0.246860  0.781250 2.726873
0.285000 0.250759  0.778210 2.762749
0.290000 0.254642  0.775194 2.798503
0.295000 0.258511  0.772201 2.834137
0.300000 0.262364  0.769231 2.869651
0.305000 0.266203  0.766284 2.905047
0.310000 0.270027  0.763359 2.940325
0.315000 0.273837  0.760456 2.975485
0.320000 0.277632  0.757576 3.010528
0.325000 0.281412  0.754717 3.045455
0.330000 0.285179  0.751880 3.080267
0.335000 0.288931  0.749064 3.114964
0.340000 0.292670  0.746269 3.149547
0.345000 0.296394  0.743494 3.184017
0.350000 0.300105  0.740741 3.218374
0.355000 0.303801  0.738007 3.252620
0.360000 0.307485  0.735294 3.286754
0.365000 0.311154  0.732601 3.320777
0.370000 0.314811  0.729927 3.354690
0.375000 0.318454  0.727273 3.388494
0.380000 0.322083  0.724638 3.422189
0.385000 0.325700  0.722022 3.455776
0.390000 0.329304  0.719424 3.489256
0.395000 0.332894  0.716846 3.522628
0.400000 0.336472  0.714286 3.555895
0.405000 0.340037  0.711744 3.589056
0.410000 0.343590  0.709220 3.622111
0.415000 0.347130  0.706714 3.655063
0.420000 0.350657  0.704225 3.687911
0.425000 0.354172  0.701754 3.720655
0.430000 0.357674  0.699301 3.753297
0.435000 0.361165  0.696864 3.785837
0.440000 0.364643  0.694444 3.818275
0.445000 0.368109  0.692042 3.850613
0.450000 0.371564  0.689655 3.882851
0.455000 0.375006  0.687285 3.914988
0.460000 0.378436  0.684932 3.947027
0.465000 0.381855  0.682594 3.978967
0.470000 0.385262  0.680272 4.010809
0.475000 0.388658  0.677966 4.042554
0.480000 0.392042  0.675676 4.074202
0.485000 0.395415  0.673401 4.105753
0.490000 0.398776  0.671141 4.137209
0.495000 0.402126  0.668896 4.168569
0.500000 0.405465  0.666667 4.199835
0.505000 0.408793  0.664452 4.231006
0.510000 0.412110  0.662252 4.262084
0.515000 0.415415  0.660066 4.293069
0.520000 0.418710  0.657895 4.323961
0.525000 0.421994  0.655738 4.354761
0.530000 0.425268  0.653595 4.385470
0.535000 0.428530  0.651466 4.416087
0.540000 0.431782  0.649351 4.446614
0.545000 0.435024  0.647249 4.477050
0.550000 0.438255  0.645161 4.507397
0.555000 0.441476  0.643087 4.537655
0.560000 0.444686  0.641026 4.567825
0.565000 0.447886  0.638978 4.597906
0.570000 0.451076  0.636943 4.627900
0.575000 0.454255  0.634921 4.657806
0.580000 0.457425  0.632911 4.687626
0.585000 0.460584  0.630915 4.717360
0.590000 0.463734  0.628931 4.747008
0.595000 0.466874  0.626959 4.776570
0.600000 0.470004  0.625000 4.806048
0.605000 0.473124  0.623053 4.835442
0.610000 0.476234  0.621118 4.864751
0.615000 0.479335  0.619195 4.893977
0.620000 0.482426  0.617284 4.923120
0.625000 0.485508  0.615385 4.952181
0.630000 0.488580  0.613497 4.981159
0.635000 0.491643  0.611621 5.010056
0.640000 0.494696  0.609756 5.038871
0.645000 0.497740  0.607903 5.067606
0.650000 0.500775  0.606061 5.096260
0.655000 0.503801  0.604230 5.124835
0.660000 0.506818  0.602410 5.153329
0.665000 0.509825  0.600601 5.181745
0.670000 0.512824  0.598802 5.210082
0.675000 0.515813  0.597015 5.238341
0.680000 0.518794  0.595238 5.266521
0.685000 0.521766  0.593472 5.294625
0.690000 0.524729  0.591716 5.322651
0.695000 0.527683  0.589971 5.350600
0.700000 0.530628  0.588235 5.378474
0.705000 0.533565  0.586510 5.406271
0.710000 0.536493  0.584795 5.433993
0.715000 0.539413  0.583090 5.461640
0.720000 0.542324  0.581395 5.489212
0.725000 0.545227  0.579710 5.516709
0.730000 0.548121  0.578035 5.544133
0.735000 0.551007  0.576369 5.571483
0.740000 0.553885  0.574713 5.598760
0.745000 0.556755  0.573066 5.625964
0.750000 0.559616  0.571429 5.653096
0.755000 0.562469  0.569801 5.680156
0.760000 0.565314  0.568182 5.707144
0.765000 0.568151  0.566572 5.734060
0.770000 0.570980  0.564972 5.760906
0.775000 0.573800  0.563380 5.787681
0.780000 0.576613  0.561798 5.814385
0.785000 0.579418  0.560224 5.841020
0.790000 0.582216  0.558659 5.867585
0.795000 0.585005  0.557103 5.894081
0.800000 0.587787  0.555556 5.920508
0.805000 0.590561  0.554017 5.946867
0.810000 0.593327  0.552486 5.973157
0.815000 0.596085  0.550964 5.999379
0.820000 0.598837  0.549451 6.025534
0.825000 0.601580  0.547945 6.051622
0.830000 0.604316  0.546448 6.077642
0.835000 0.607044  0.544959 6.103597
0.840000 0.609766  0.543478 6.129485
0.845000 0.612479  0.542005 6.155307
0.850000 0.615186  0.540541 6.181063
0.855000 0.617885  0.539084 6.206754
0.860000 0.620576  0.537634 6.232381
0.865000 0.623261  0.536193 6.257942
0.870000 0.625938  0.534759 6.283440
0.875000 0.628609  0.533333 6.308873
0.880000 0.631272  0.531915 6.334243
0.885000 0.633928  0.530504 6.359549
0.890000 0.636577  0.529101 6.384792
0.895000 0.639219  0.527704 6.409973
0.900000 0.641854  0.526316 6.435091
0.905000 0.644482  0.524934 6.460147
0.910000 0.647103  0.523560 6.485140
0.915000 0.649718  0.522193 6.510073
0.920000 0.652325  0.520833 6.534944
0.925000 0.654926  0.519481 6.559754
0.930000 0.657520  0.518135 6.584503
0.935000 0.660107  0.516796 6.609192
0.940000 0.662688  0.515464 6.633821
0.945000 0.665262  0.514139 6.658389
0.950000 0.667829  0.512821 6.682899
0.955000 0.670390  0.511509 6.707349
0.960000 0.672944  0.510204 6.731739
0.965000 0.675492  0.508906 6.756072
0.970000 0.678034  0.507614 6.780345
0.975000 0.680568  0.506329 6.804561
0.980000 0.683097  0.505051 6.828718
0.985000 0.685619  0.503778 6.852818
0.990000 0.688135  0.502513 6.876860
0.995000 0.690644  0.501253 6.900845
