0.000000 -3.132092
0.002500 -3.132092
0.005000 -3.132092
0.007500 -3.132092
0.010000 -3.132092
0.012500 -3.132092
0.015000 -3.132092
0.017500 -3.132092
0.020000 -3.132092
0.022500 -3.132092
0.025000 -3.132092
0.027500 -3.132092
0.030000 -3.132092
0.032500 -3.132092
0.035000 -3.132092
0.037500 -3.132092
0.040000 -3.132092
0.042500 -3.132092
0.045000 -3.132092
0.047500 -3.132092
0.050000 -3.132092
0.052500 -3.132092
0.055000 -3.132092
0.057500 -3.132092
0.060000 -3.132092
0.062500 -3.132092
0.065000 -3.132092
0.067500 -3.132092
0.070000 -3.132092
0.072500 -3.132092
0.075000 -3.132092
0.077500 -3.132092
0.080000 -3.132092
0.082500 -3.132092
0.085000 -3.132092
0.087500 -3.132092
0.090000 -3.132092
0.092500 -3.132092
0.095000 -3.132092
0.097500 -3.132092
0.100000 -3.132092
0.102500 -3.132092
0.105000 -3.132092
0.107500 -3.132092
0.110000 -3.132092
0.112500 -3.132092
0.115000 -3.132092
0.117500 -3.132092
0.120000 -3.132092
0.122500 -3.132092
0.125000 -3.132092
0.127500 -3.132092
0.130000 -3.132092
0.132500 -3.132092
0.135000 -3.132092
0.137500 -3.132092
0.140000 -3.132092
0.142500 -3.132092
0.145000 -3.132092
0.147500 -3.132092
0.150000 -3.132092
0.152500 -3.132092
0.155000 -3.132092
0.157500 -3.132092
0.160000 -3.132092
0.162500 -3.132092
0.165000 -3.132092
0.167500 -3.132092
0.170000 -3.132092
0.172500 -3.132092
0.175000 -3.132092
0.177500 -3.132092
0.180000 -3.132092
0.182500 -3.132092
0.185000 -3.132092
0.187500 -3.132092
0.190000 -3.132092
0.192500 -3.132092
0.195000 -3.132092
0.197500 -3.132092
0.200000 -3.132092
0.202500 -3.132092
0.205000 -3.132092
0.207500 -3.132092
0.210000 -3.132092
0.212500 -3.132092
0.215000 -3.132092
0.217500 -3.132092
0.220000 -3.132092
0.222500 -3.132092
0.225000 -3.132092
0.227500 -3.132092
0.230000 -3.132092
0.232500 -3.132092
0.235000 -3.132092
0.237500 -3.132092
0.240000 -3.132092
0.242500 -3.132092
0.245000 -3.132092
0.247500 -3.132092
0.250000 -3.132092
0.252500 -3.132092
0.255000 -3.132092
0.257500 -3.132092
0.260000 -3.132092
0.262500 -3.132092
0.265000 -3.132092
0.267500 -3.132092
0.270000 -3.132092
0.272500 -3.132092
0.275000 -3.132092
0.277500 -3.132092
0.280000 -3.132092
0.282500 -3.132092
0.285000 -3.132092
0.287500 -3.132092
0.290000 -3.132092
0.292500 -3.132092
0.295000 -3.132092
0.297500 -3.132092
0.300000 -3.132092
0.302500 -3.132092
0.305000 -3.132092
0.307500 -3.132092
0.310000 -3.132092
0.312500 -3.132092
0.315000 -3.132092
0.317500 -3.132092
0.320000 -3.132092
0.322500 -3.132092
0.325000 -3.132092
0.327500 -3.132092
0.330000 -3.132092
0.332500 -3.132092
0.335000 -3.132092
0.337500 -3.132092
0.340000 -3.132092
0.342500 -3.132092
0.345000 -3.132092
0.347500 -3.132092
0.350000 -3.132092
0.352500 -3.132092
0.355000 -3.132092
0.357500 -3.132092
0.360000 -3.132092
0.362500 -3.132092
0.365000 -3.132092
0.367500 -3.132092
0.370000 -3.132092
0.372500 -3.132092
0.375000 -3.132092
0.377500 -3.132092
0.380000 -3.132092
0.382500 -3.132092
0.385000 -3.132092
0.387500 -3.132092
0.390000 -3.132092
0.392500 -3.132092
0.395000 -3.132092
0.397500 -3.132092
0.400000 -3.132092
0.402500 -3.132092
0.405000 -3.132092
0.407500 -3.132092
0.410000 -3.132092
0.412500 -3.132092
0.415000 -3.132092
0.417500 -3.132092
0.420000 -3.132092
0.422500 -3.132092
0.425000 -3.132092
0.427500 -3.132092
0.430000 -3.132092
0.432500 -3.132092
0.435000 -3.132092
0.437500 -3.132092
0.440000 -3.132092
0.442500 -3.132092
0.445000 -3.132092
0.447500 -3.132092
0.450000 -3.132092
0.452500 -3.132092
0.455000 -3.132092
0.457500 -3.132092
0.460000 -3.132092
0.462500 -3.132092
0.465000 -3.132092
0.467500 -3.132092
0.470000 -3.132092
0.472500 -3.132092
0.475000 -3.132092
0.477500 -3.132092
0.480000 -3.132092
0.482500 -3.132092
0.485000 -3.132092
0.487500 -3.132092
0.490000 -3.132092
0.492500 -3.132092
0.495000 -3.132092
0.497500 -3.132092
0.500000 -3.132092
0.502500 -3.132092
0.505000 -3.132092
0.507500 -3.132092
0.510000 -3.132092
0.512500 -3.132092
0.515000 -3.132092
0.517500 -3.132092
0.520000 -3.132092
0.522500 -3.132092
0.525000 -3.132092
0.527500 -3.132092
0.530000 -3.132092
0.532500 -3.132092
0.535000 -3.132092
0.537500 -3.132092
0.540000 -3.132092
0.542500 -3.132092
0.545000 -3.132092
0.547500 -3.132092
0.550000 -3.132092
0.552500 -3.132092
0.555000 -3.132092
0.557500 -3.132092
0.560000 -3.132092
0.562500 -3.132092
0.565000 -3.132092
0.567500 -3.132092
0.570000 -3.132092
0.572500 -3.132092
0.575000 -3.132092
0.577500 -3.132092
0.580000 -3.132092
0.582500 -3.132092
0.585000 -3.132092
0.587500 -3.132092
0.590000 -3.132092
0.592500 -3.132092
0.595000 -3.132092
0.597500 -3.132092
0.600000 -3.132092
0.602500 -3.132092
0.605000 -3.132092
0.607500 -3.132092
0.610000 -3.132092
0.612500 -3.132092
0.615000 -3.132092
0.617500 -3.132092
0.620000 -3.132092
0.622500 -3.132092
0.625000 -3.132092
0.627500 -3.132092
0.630000 -3.132092
0.632500 -3.132092
0.635000 -3.132092
0.637500 -3.132092
0.640000 -3.132092
0.642500 -3.132092
0.645000 -3.132092
0.647500 -3.132092
0.650000 -3.132092
0.652500 -3.132092
0.655000 -3.132092
0.657500 -3.132092
0.660000 -3.132092
0.662500 -3.132092
0.665000 -3.132092
0.667500 -3.132092
0.670000 -3.132092
0.672500 -3.132092
0.675000 -3.132092
0.677500 -3.132092
0.680000 -3.132092
0.682500 -3.132092
0.685000 -3.132092
0.687500 -3.132092
0.690000 -3.132092
0.692500 -3.132092
0.695000 -3.132092
0.697500 -3.132092
0.700000 -3.132092
0.702500 -3.132092
0.705000 -3.132092
0.707500 -3.132092
0.710000 -3.132092
0.712500 -3.132092
0.715000 -3.132092
0.717500 -3.132092
0.720000 -3.132092
0.722500 -3.132092
0.725000 -3.132092
0.727500 -3.132092
0.730000 -3.132092
0.732500 -3.132092
0.735000 -3.132092
0.737500 -3.132092
0.740000 -3.132092
0.742500 -3.132092
0.745000 -3.132092
0.747500 -3.132092
0.750000 -3.132092
0.752500 -3.132092
0.755000 -3.132092
0.757500 -3.132092
0.760000 -3.132092
0.762500 -3.132092
0.765000 -3.132092
0.767500 -3.132092
0.770000 -3.132092
0.772500 -3.132092
0.775000 -3.132092
0.777500 -3.132092
0.780000 -3.132092
0.782500 -3.132092
0.785000 -3.132092
0.787500 -3.132092
0.790000 -3.132092
0.792500 -3.132092
0.795000 -3.132092
0.797500 -3.132092
0.800000 -3.132092
0.802500 -3.132092
0.805000 -3.132092
0.807500 -3.132092
0.810000 -3.132092
0.812500 -3.132092
0.815000 -3.132092
0.817500 -3.132092
0.820000 -3.132092
0.822500 -3.132092
0.825000 -3.132092
0.827500 -3.132092
0.830000 -3.132092
0.832500 -3.132092
0.835000 -3.132092
0.837500 -3.132092
0.840000 -3.132092
0.842500 -3.132092
0.845000 -3.132092
0.847500 -3.132092
0.850000 -3.132092
0.852500 -3.132092
0.855000 -3.132092
0.857500 -3.132092
0.860000 -3.132092
0.862500 -3.132092
0.865000 -3.132092
0.867500 -3.132092
0.870000 -3.132092
0.872500 -3.132092
0.875000 -3.132092
0.877500 -3.132092
0.880000 -3.132092
0.882500 -3.132092
0.885000 -3.132092
0.887500 -3.132092
0.890000 -3.132092
0.892500 -3.132092
0.895000 -3.132092
0.897500 -3.132092
0.900000 -3.132092
0.902500 -3.132092
0.905000 -3.132092
0.907500 -3.132092
0.910000 -3.132092
0.912500 -3.132092
0.915000 -3.132092
0.917500 -3.132092
0.920000 -3.132092
0.922500 -3.132092
0.925000 -3.132092
0.927500 -3.132092
0.930000 -3.132092
0.932500 -3.132092
0.935000 -3.132092
0.937500 -3.132092
0.940000 -3.132092
0.942500 -3.132092
0.945000 -3.132092
0.947500 -3.132092
0.950000 -3.132092
0.952500 -3.132092
0.955000 -3.132092
0.957500 -3.132092
0.960000 -3.132092
0.962500 -3.132092
0.965000 -3.132092
0.967500 -3.132092
0.970000 -3.132092
0.972500 -3.132092
0.975000 -3.132092
0.977500 -3.132092
0.980000 -3.132092
0.982500 -3.132092
0.985000 -3.132092
0.987500 -3.132092
0.990000 -3.132092
0.992500 -3.132092
0.995000 -3.132092
0.997500 -3.132092
1.000000 -3.132092
1.002500 -3.132092
1.005000 -3.132092
1.007500 -3.132092
1.010000 -3.132092
1.012500 -3.132092
1.015000 -3.132092
1.017500 -3.132092
1.020000 -3.132092
1.022500 -3.132092
1.025000 -3.132092
1.027500 -3.132092
1.030000 -3.132092
1.032500 -3.132092
1.035000 -3.132092
1.037500 -3.132092
1.040000 -3.132092
1.042500 -3.132092
1.045000 -3.132092
1.047500 -3.132092
1.050000 -3.132092
1.052500 -3.132092
1.055000 -3.132092
1.057500 -3.132092
1.060000 -3.132092
1.062500 -3.132092
1.065000 -3.132092
1.067500 -3.132092
1.070000 -3.132092
1.072500 -3.132092
1.075000 -3.132092
1.077500 -3.132092
1.080000 -3.132092
1.082500 -3.132092
1.085000 -3.132092
1.087500 -3.132092
1.090000 -3.132092
1.092500 -3.132092
1.095000 -3.132092
1.097500 -3.132092
1.100000 -3.132092
1.102500 -3.132092
1.105000 -3.132092
1.107500 -3.132092
1.110000 -3.132092
1.112500 -3.132092
1.115000 -3.132092
1.117500 -3.132092
1.120000 -3.132092
1.122500 -3.132092
1.125000 -3.132092
1.127500 -3.132092
1.130000 -3.132092
1.132500 -3.132092
1.135000 -3.132092
1.137500 -3.132092
1.140000 -3.132092
1.142500 -3.132092
1.145000 -3.132092
1.147500 -3.132092
1.150000 -3.132092
1.152500 -3.132092
1.155000 -3.132092
1.157500 -3.132092
1.160000 -3.132092
1.162500 -3.132092
1.165000 -3.132092
1.167500 -3.132092
1.170000 -3.132092
1.172500 -3.132092
1.175000 -3.132092
1.177500 -3.132092
1.180000 -3.132092
1.182500 -3.132092
1.185000 -3.132092
1.187500 -3.132092
1.190000 -3.132092
1.192500 -3.132092
1.195000 -3.132092
1.197500 -3.132092
1.200000 -3.132092
1.202500 -3.132092
1.205000 -3.132092
1.207500 -3.132092
1.210000 -3.132092
1.212500 -3.132092
1.215000 -3.132092
1.217500 -3.132092
1.220000 -3.132092
1.222500 -3.132092
1.225000 -3.132092
1.227500 -3.132092
1.230000 -3.132092
1.232500 -3.132092
1.235000 -3.132092
1.237500 -3.132092
1.240000 -3.132092
1.242500 -3.132092
1.245000 -3.132092
1.247500 -3.132092
1.250000 -3.132092
1.252500 -3.132092
1.255000 -3.132092
1.257500 -3.132092
1.260000 -3.132092
1.262500 -3.132092
1.265000 -3.132092
1.267500 -3.132092
1.270000 -3.132092
1.272500 -3.132092
1.275000 -3.132092
1.277500 -3.132092
1.280000 -3.132092
1.282500 -3.132092
1.285000 -3.132092
1.287500 -3.132092
1.290000 -3.132092
1.292500 -3.132092
1.295000 -3.132092
1.297500 -3.132092
1.300000 -3.132092
1.302500 -3.132092
1.305000 -3.132092
1.307500 -3.132092
1.310000 -3.132092
1.312500 -3.132092
1.315000 -3.132092
1.317500 -3.132092
1.320000 -3.132092
1.322500 -3.132092
1.325000 -3.132092
1.327500 -3.132092
1.330000 -3.132092
1.332500 -3.132092
1.335000 -3.132092
1.337500 -3.132092
1.340000 -3.132092
1.342500 -3.132092
1.345000 -3.132092
1.347500 -3.132092
1.350000 -3.132092
1.352500 -3.132092
1.355000 -3.132092
1.357500 -3.132092
1.360000 -3.132092
1.362500 -3.132092
1.365000 -3.132092
1.367500 -3.132092
1.370000 -3.132092
1.372500 -3.132092
1.375000 -3.132092
1.377500 -3.132092
1.380000 -3.132092
1.382500 -3.132092
1.385000 -3.132092
1.387500 -3.132092
1.390000 -3.132092
1.392500 -3.132092
1.395000 -3.132092
1.397500 -3.132092
1.400000 -3.132092
1.402500 -3.132092
1.405000 -3.132092
1.407500 -3.132092
1.410000 -3.132092
1.412500 -3.132092
1.415000 -3.132092
1.417500 -3.132092
1.420000 -3.132092
1.422500 -3.132092
1.425000 -3.132092
1.427500 -3.132092
1.430000 -3.132092
1.432500 -3.132092
1.435000 -3.132092
1.437500 -3.132092
1.440000 -3.132092
1.442500 -3.132092
1.445000 -3.132092
1.447500 -3.132092
1.450000 -3.132092
1.452500 -3.132092
1.455000 -3.132092
1.457500 -3.132092
1.460000 -3.132092
1.462500 -3.132092
1.465000 -3.132092
1.467500 -3.132092
1.470000 -3.132092
1.472500 -3.132092
1.475000 -3.132092
1.477500 -3.132092
1.480000 -3.132092
1.482500 -3.132092
1.485000 -3.132092
1.487500 -3.132092
1.490000 -3.132092
1.492500 -3.132092
1.495000 -3.132092
1.497500 -3.132092
1.500000 -3.132092
1.502500 -3.132092
1.505000 -3.132092
1.507500 -3.132092
1.510000 -3.132092
1.512500 -3.132092
1.515000 -3.132092
1.517500 -3.132092
1.520000 -3.132092
1.522500 -3.132092
1.525000 -3.132092
1.527500 -3.132092
1.530000 -3.132092
1.532500 -3.132092
1.535000 -3.132092
1.537500 -3.132092
1.540000 -3.132092
1.542500 -3.132092
1.545000 -3.132092
1.547500 -3.132092
1.550000 -3.132092
1.552500 -3.132092
1.555000 -3.132092
1.557500 -3.132092
1.560000 -3.132092
1.562500 -3.132092
1.565000 -3.132092
1.567500 -3.132092
1.570000 -3.132092
1.572500 -3.132092
1.575000 -3.132092
1.577500 -3.132092
1.580000 -3.132092
1.582500 -3.132092
1.585000 -3.132092
1.587500 -3.132092
1.590000 -3.132092
1.592500 -3.132092
1.595000 -3.132092
1.597500 -3.132092
1.600000 -3.132092
1.602500 -3.132092
1.605000 -3.132092
1.607500 -3.132092
1.610000 -3.132092
1.612500 -3.132092
1.615000 -3.132092
1.617500 -3.132092
1.620000 -3.132092
1.622500 -3.132092
1.625000 -3.132092
1.627500 -3.132092
1.630000 -3.132092
1.632500 -3.132092
1.635000 -3.132092
1.637500 -3.132092
1.640000 -3.132092
1.642500 -3.132092
1.645000 -3.132092
1.647500 -3.132092
1.650000 -3.132092
1.652500 -3.132092
1.655000 -3.132092
1.657500 -3.132092
1.660000 -3.132092
1.662500 -3.132092
1.665000 -3.132092
1.667500 -3.132092
1.670000 -3.132092
1.672500 -3.132092
1.675000 -3.132092
1.677500 -3.132092
1.680000 -3.132092
1.682500 -3.132092
1.685000 -3.132092
1.687500 -3.132092
1.690000 -3.132092
1.692500 -3.132092
1.695000 -3.132092
1.697500 -3.132092
1.700000 -3.132092
1.702500 -3.132092
1.705000 -3.132092
1.707500 -3.132092
1.710000 -3.132092
1.712500 -3.132092
1.715000 -3.132092
1.717500 -3.132092
1.720000 -3.132092
1.722500 -3.132092
1.725000 -3.132092
1.727500 -3.132092
1.730000 -3.132092
1.732500 -3.132092
1.735000 -3.132092
1.737500 -3.132092
1.740000 -3.132092
1.742500 -3.132092
1.745000 -3.132092
1.747500 -3.132092
1.750000 -3.132092
1.752500 -3.132092
1.755000 -3.132092
1.757500 -3.132092
1.760000 -3.132092
1.762500 -3.132092
1.765000 -3.132092
1.767500 -3.132092
1.770000 -3.132092
1.772500 -3.132092
1.775000 -3.132092
1.777500 -3.132092
1.780000 -3.132092
1.782500 -3.132092
1.785000 -3.132092
1.787500 -3.132092
1.790000 -3.132092
1.792500 -3.132092
1.795000 -3.132092
1.797500 -3.132092
1.800000 -3.132092
1.802500 -3.132092
1.805000 -3.132092
1.807500 -3.132092
1.810000 -3.132092
1.812500 -3.132092
1.815000 -3.132092
1.817500 -3.132092
1.820000 -3.132092
1.822500 -3.132092
1.825000 -3.132092
1.827500 -3.132092
1.830000 -3.132092
1.832500 -3.132092
1.835000 -3.132092
1.837500 -3.132092
1.840000 -3.132092
1.842500 -3.132092
1.845000 -3.132092
1.847500 -3.132092
1.850000 -3.132092
1.852500 -3.132092
1.855000 -3.132092
1.857500 -3.132092
1.860000 -3.132092
1.862500 -3.132092
1.865000 -3.132092
1.867500 -3.132092
1.870000 -3.132092
1.872500 -3.132092
1.875000 -3.132092
1.877500 -3.132092
1.880000 -3.132092
1.882500 -3.132092
1.885000 -3.132092
1.887500 -3.132092
1.890000 -3.132092
1.892500 -3.132092
1.895000 -3.132092
1.897500 -3.132092
1.900000 -3.132092
1.902500 -3.132092
1.905000 -3.132092
1.907500 -3.132092
1.910000 -3.132092
1.912500 -3.132092
1.915000 -3.132092
1.917500 -3.132092
1.920000 -3.132092
1.922500 -3.132092
1.925000 -3.132092
1.927500 -3.132092
1.930000 -3.132092
1.932500 -3.132092
1.935000 -3.132092
1.937500 -3.132092
1.940000 -3.132092
1.942500 -3.132092
1.945000 -3.132092
1.947500 -3.132092
1.950000 -3.132092
1.952500 -3.132092
1.955000 -3.132092
1.957500 -3.132092
1.960000 -3.132092
1.962500 -3.132092
1.965000 -3.132092
1.967500 -3.132092
1.970000 -3.132092
1.972500 -3.132092
1.975000 -3.132092
1.977500 -3.132092
1.980000 -3.132092
1.982500 -3.132092
1.985000 -3.132092
1.987500 -3.132092
1.990000 -3.132092
1.992500 -3.132092
1.995000 -3.132092
1.997500 -3.132092
2.000000 -3.132092
2.002500 -3.132092
2.005000 -3.132092
2.007500 -3.132092
2.010000 -3.132092
2.012500 -3.132092
2.015000 -3.132092
2.017500 -3.132092
2.020000 -3.132092
2.022500 -3.132092
2.025000 -3.132092
2.027500 -3.132092
2.030000 -3.132092
2.032500 -3.132092
2.035000 -3.132092
2.037500 -3.132092
2.040000 -3.132092
2.042500 -3.132092
2.045000 -3.132092
2.047500 -3.132092
2.050000 -3.132092
2.052500 -3.132092
2.055000 -3.132092
2.057500 -3.132092
2.060000 -3.132092
2.062500 -3.132092
2.065000 -3.132092
2.067500 -3.132092
2.070000 -3.132092
2.072500 -3.132092
2.075000 -3.132092
2.077500 -3.132092
2.080000 -3.132092
2.082500 -3.132092
2.085000 -3.132092
2.087500 -3.132092
2.090000 -3.132092
2.092500 -3.132092
2.095000 -3.132092
2.097500 -3.132092
2.100000 -3.132092
2.102500 -3.132092
2.105000 -3.132092
2.107500 -3.132092
2.110000 -3.132092
2.112500 -3.132092
2.115000 -3.132092
2.117500 -3.132092
2.120000 -3.132092
2.122500 -3.132092
2.125000 -3.132092
2.127500 -3.132092
2.130000 -3.132092
2.132500 -3.132092
2.135000 -3.132092
2.137500 -3.132092
2.140000 -3.132092
2.142500 -3.132092
2.145000 -3.132092
2.147500 -3.132092
2.150000 -3.132092
2.152500 -3.132092
2.155000 -3.132092
2.157500 -3.132092
2.160000 -3.132092
2.162500 -3.132092
2.165000 -3.132092
2.167500 -3.132092
2.170000 -3.132092
2.172500 -3.132092
2.175000 -3.132092
2.177500 -3.132092
2.180000 -3.132092
2.182500 -3.132092
2.185000 -3.132092
2.187500 -3.132092
2.190000 -3.132092
2.192500 -3.132092
2.195000 -3.132092
2.197500 -3.132092
2.200000 -3.132092
2.202500 -3.132092
2.205000 -3.132092
2.207500 -3.132092
2.210000 -3.132092
2.212500 -3.132092
2.215000 -3.132092
2.217500 -3.132092
2.220000 -3.132092
2.222500 -3.132092
2.225000 -3.132092
2.227500 -3.132092
2.230000 -3.132092
2.232500 -3.132092
2.235000 -3.132092
2.237500 -3.132092
2.240000 -3.132092
2.242500 -3.132092
2.245000 -3.132092
2.247500 -3.132092
2.250000 -3.132092
2.252500 -3.132092
2.255000 -3.132092
2.257500 -3.132092
2.260000 -3.132092
2.262500 -3.132092
2.265000 -3.132092
2.267500 -3.132092
2.270000 -3.132092
2.272500 -3.132092
2.275000 -3.132092
2.277500 -3.132092
2.280000 -3.132092
2.282500 -3.132092
2.285000 -3.132092
2.287500 -3.132092
2.290000 -3.132092
2.292500 -3.132092
2.295000 -3.132092
2.297500 -3.132092
2.300000 -3.132092
2.302500 -3.132092
2.305000 -3.132092
2.307500 -3.132092
2.310000 -3.132092
2.312500 -3.132092
2.315000 -3.132092
2.317500 -3.132092
2.320000 -3.132092
2.322500 -3.132092
2.325000 -3.132092
2.327500 -3.132092
2.330000 -3.132092
2.332500 -3.132092
2.335000 -3.132092
2.337500 -3.132092
2.340000 -3.132092
2.342500 -3.132092
2.345000 -3.132092
2.347500 -3.132092
2.350000 -3.132092
2.352500 -3.132092
2.355000 -3.132092
2.357500 -3.132092
2.360000 -3.132092
2.362500 -3.132092
2.365000 -3.132092
2.367500 -3.132092
2.370000 -3.132092
2.372500 -3.132092
2.375000 -3.132092
2.377500 -3.132092
2.380000 -3.132092
2.382500 -3.132092
2.385000 -3.132092
2.387500 -3.132092
2.390000 -3.132092
2.392500 -3.132092
2.395000 -3.132092
2.397500 -3.132092
2.400000 -3.132092
2.402500 -3.132092
2.405000 -3.132092
2.407500 -3.132092
2.410000 -3.132092
2.412500 -3.132092
2.415000 -3.132092
2.417500 -3.132092
2.420000 -3.132092
2.422500 -3.132092
2.425000 -3.132092
2.427500 -3.132092
2.430000 -3.132092
2.432500 -3.132092
2.435000 -3.132092
2.437500 -3.132092
2.440000 -3.132092
2.442500 -3.132092
2.445000 -3.132092
2.447500 -3.132092
2.450000 -3.132092
2.452500 -3.132092
2.455000 -3.132092
2.457500 -3.132092
2.460000 -3.132092
2.462500 -3.132092
2.465000 -3.132092
2.467500 -3.132092
2.470000 -3.132092
2.472500 -3.132092
2.475000 -3.132092
2.477500 -3.132092
2.480000 -3.132092
2.482500 -3.132092
2.485000 -3.132092
2.487500 -3.132092
2.490000 -3.132092
2.492500 -3.132092
2.495000 -3.132092
2.497500 -3.132092
2.500000 -3.132092
2.502500 -3.132092
2.505000 -3.132092
2.507500 -3.132092
2.510000 -3.132092
2.512500 -3.132092
2.515000 -3.132092
2.517500 -3.132092
2.520000 -3.132092
2.522500 -3.132092
2.525000 -3.132092
2.527500 -3.132092
2.530000 -3.132092
2.532500 -3.132092
2.535000 -3.132092
2.537500 -3.132092
2.540000 -3.132092
2.542500 -3.132092
2.545000 -3.132092
2.547500 -3.132092
2.550000 -3.132092
2.552500 -3.132092
2.555000 -3.132092
2.557500 -3.132092
2.560000 -3.132092
2.562500 -3.132092
2.565000 -3.132092
2.567500 -3.132092
2.570000 -3.132092
2.572500 -3.132092
2.575000 -3.132092
2.577500 -3.132092
2.580000 -3.132092
2.582500 -3.132092
2.585000 -3.132092
2.587500 -3.132092
2.590000 -3.132092
2.592500 -3.132092
2.595000 -3.132092
2.597500 -3.132092
2.600000 -3.132092
2.602500 -3.132092
2.605000 -3.132092
2.607500 -3.132092
2.610000 -3.132092
2.612500 -3.132092
2.615000 -3.132092
2.617500 -3.132092
2.620000 -3.132092
2.622500 -3.132092
2.625000 -3.132092
2.627500 -3.132092
2.630000 -3.132092
2.632500 -3.132092
2.635000 -3.132092
2.637500 -3.132092
2.640000 -3.132092
2.642500 -3.132092
2.645000 -3.132092
2.647500 -3.132092
2.650000 -3.132092
2.652500 -3.132092
2.655000 -3.132092
2.657500 -3.132092
2.660000 -3.132092
2.662500 -3.132092
2.665000 -3.132092
2.667500 -3.132092
2.670000 -3.132092
2.672500 -3.132092
2.675000 -3.132092
2.677500 -3.132092
2.680000 -3.132092
2.682500 -3.132092
2.685000 -3.132092
2.687500 -3.132092
2.690000 -3.132092
2.692500 -3.132092
2.695000 -3.132092
2.697500 -3.132092
2.700000 -3.132092
2.702500 -3.132092
2.705000 -3.132092
2.707500 -3.132092
2.710000 -3.132092
2.712500 -3.132092
2.715000 -3.132092
2.717500 -3.132092
2.720000 -3.132092
2.722500 -3.132092
2.725000 -3.132092
2.727500 -3.132092
2.730000 -3.132092
2.732500 -3.132092
2.735000 -3.132092
2.737500 -3.132092
2.740000 -3.132092
2.742500 -3.132092
2.745000 -3.132092
2.747500 -3.132092
2.750000 -3.132092
2.752500 -3.132092
2.755000 -3.132092
2.757500 -3.132092
2.760000 -3.132092
2.762500 -3.132092
2.765000 -3.132092
2.767500 -3.132092
2.770000 -3.132092
2.772500 -3.132092
2.775000 -3.132092
2.777500 -3.132092
2.780000 -3.132092
2.782500 -3.132092
2.785000 -3.132092
2.787500 -3.132092
2.790000 -3.132092
2.792500 -3.132092
2.795000 -3.132092
2.797500 -3.132092
2.800000 -3.132092
2.802500 -3.132092
2.805000 -3.132092
2.807500 -3.132092
2.810000 -3.132092
2.812500 -3.132092
2.815000 -3.132092
2.817500 -3.132092
2.820000 -3.132092
2.822500 -3.132092
2.825000 -3.132092
2.827500 -3.132092
2.830000 -3.132092
2.832500 -3.132092
2.835000 -3.132092
2.837500 -3.132092
2.840000 -3.132092
2.842500 -3.132092
2.845000 -3.132092
2.847500 -3.132092
2.850000 -3.132092
2.852500 -3.132092
2.855000 -3.132092
2.857500 -3.132092
2.860000 -3.132092
2.862500 -3.132092
2.865000 -3.132092
2.867500 -3.132092
2.870000 -3.132092
2.872500 -3.132092
2.875000 -3.132092
2.877500 -3.132092
2.880000 -3.132092
2.882500 -3.132092
2.885000 -3.132092
2.887500 -3.132092
2.890000 -3.132092
2.892500 -3.132092
2.895000 -3.132092
2.897500 -3.132092
2.900000 -3.132092
2.902500 -3.132092
2.905000 -3.132092
2.907500 -3.132092
2.910000 -3.132092
2.912500 -3.132092
2.915000 -3.132092
2.917500 -3.132092
2.920000 -3.132092
2.922500 -3.132092
2.925000 -3.132092
2.927500 -3.132092
2.930000 -3.132092
2.932500 -3.132092
2.935000 -3.132092
2.937500 -3.132092
2.940000 -3.132092
2.942500 -3.132092
2.945000 -3.132092
2.947500 -3.132092
2.950000 -3.132092
2.952500 -3.132092
2.955000 -3.132092
2.957500 -3.132092
2.960000 -3.132092
2.962500 -3.132092
2.965000 -3.132092
2.967500 -3.132092
2.970000 -3.132092
2.972500 -3.132092
2.975000 -3.132092
2.977500 -3.132092
2.980000 -3.132092
2.982500 -3.132092
2.985000 -3.132092
2.987500 -3.132092
2.990000 -3.132092
2.992500 -3.132092
2.995000 -3.132092
2.997500 -3.132092
3.000000 -3.132092
3.002500 -3.132092
3.005000 -3.132092
3.007500 -3.132092
3.010000 -3.132092
3.012500 -3.132092
3.015000 -3.132092
3.017500 -3.132092
3.020000 -3.132092
3.022500 -3.132092
3.025000 -3.132092
3.027500 -3.132092
3.030000 -3.132092
3.032500 -3.132092
3.035000 -3.132092
3.037500 -3.132092
3.040000 -3.132092
3.042500 -3.132092
3.045000 -3.132092
3.047500 -3.132092
3.050000 -3.132092
3.052500 -3.132092
3.055000 -3.132092
3.057500 -3.132092
3.060000 -3.132092
3.062500 -3.132092
3.065000 -3.132092
3.067500 -3.132092
3.070000 -3.132092
3.072500 -3.132092
3.075000 -3.132092
3.077500 -3.132092
3.080000 -3.132092
3.082500 -3.132092
3.085000 -3.132092
3.087500 -3.132092
3.090000 -3.132092
3.092500 -3.132092
3.095000 -3.132092
3.097500 -3.132092
3.100000 -3.132092
3.102500 -3.132092
3.105000 -3.132092
3.107500 -3.132092
3.110000 -3.132092
3.112500 -3.132092
3.115000 -3.132092
3.117500 -3.132092
3.120000 -3.132092
3.122500 -3.132092
3.125000 -3.132092
3.127500 -3.132092
3.130000 -3.132092
3.132500 -3.132092
3.135000 -3.132092
3.137500 -3.132092
3.140000 -3.132092
3.142500 -3.132092
3.145000 -3.132092
3.147500 -3.132092
3.150000 -3.132092
3.152500 -3.132092
3.155000 -3.132092
3.157500 -3.132092
3.160000 -3.132092
3.162500 -3.132092
3.165000 -3.132092
3.167500 -3.132092
3.170000 -3.132092
3.172500 -3.132092
3.175000 -3.132092
3.177500 -3.132092
3.180000 -3.132092
3.182500 -3.132092
3.185000 -3.132092
3.187500 -3.132092
3.190000 -3.132092
3.192500 -3.132092
3.195000 -3.132092
3.197500 -3.132092
3.200000 -3.132092
3.202500 -3.132092
3.205000 -3.132092
3.207500 -3.132092
3.210000 -3.132092
3.212500 -3.132092
3.215000 -3.132092
3.217500 -3.132092
3.220000 -3.132092
3.222500 -3.132092
3.225000 -3.132092
3.227500 -3.132092
3.230000 -3.132092
3.232500 -3.132092
3.235000 -3.132092
3.237500 -3.132092
3.240000 -3.132092
3.242500 -3.132092
3.245000 -3.132092
3.247500 -3.132092
3.250000 -3.132092
3.252500 -3.132092
3.255000 -3.132092
3.257500 -3.132092
3.260000 -3.132092
3.262500 -3.132092
3.265000 -3.132092
3.267500 -3.132092
3.270000 -3.132092
3.272500 -3.132092
3.275000 -3.132092
3.277500 -3.132092
3.280000 -3.132092
3.282500 -3.132092
3.285000 -3.132092
3.287500 -3.132092
3.290000 -3.132092
3.292500 -3.132092
3.295000 -3.132092
3.297500 -3.132092
3.300000 -3.132092
3.302500 -3.132092
3.305000 -3.132092
3.307500 -3.132092
3.310000 -3.132092
3.312500 -3.132092
3.315000 -3.132092
3.317500 -3.132092
3.320000 -3.132092
3.322500 -3.132092
3.325000 -3.132092
3.327500 -3.132092
3.330000 -3.132092
3.332500 -3.132092
3.335000 -3.132092
3.337500 -3.132092
3.340000 -3.132092
3.342500 -3.132092
3.345000 -3.132092
3.347500 -3.132092
3.350000 -3.132092
3.352500 -3.132092
3.355000 -3.132092
3.357500 -3.132092
3.360000 -3.132092
3.362500 -3.132092
3.365000 -3.132092
3.367500 -3.132092
3.370000 -3.132092
3.372500 -3.132092
3.375000 -3.132092
3.377500 -3.132092
3.380000 -3.132092
3.382500 -3.132092
3.385000 -3.132092
3.387500 -3.132092
3.390000 -3.132092
3.392500 -3.132092
3.395000 -3.132092
3.397500 -3.132092
3.400000 -3.132092
3.402500 -3.132092
3.405000 -3.132092
3.407500 -3.132092
3.410000 -3.132092
3.412500 -3.132092
3.415000 -3.132092
3.417500 -3.132092
3.420000 -3.132092
3.422500 -3.132092
3.425000 -3.132092
3.427500 -3.132092
3.430000 -3.132092
3.432500 -3.132092
3.435000 -3.132092
3.437500 -3.132092
3.440000 -3.132092
3.442500 -3.132092
3.445000 -3.132092
3.447500 -3.132092
3.450000 -3.132092
3.452500 -3.132092
3.455000 -3.132092
3.457500 -3.132092
3.460000 -3.132092
3.462500 -3.132092
3.465000 -3.132092
3.467500 -3.132092
3.470000 -3.132092
3.472500 -3.132092
3.475000 -3.132092
3.477500 -3.132092
3.480000 -3.132092
3.482500 -3.132092
3.485000 -3.132092
3.487500 -3.132092
3.490000 -3.132092
3.492500 -3.132092
3.495000 -3.132092
3.497500 -3.132092
3.500000 -3.132092
3.502500 -3.132092
3.505000 -3.132092
3.507500 -3.132092
3.510000 -3.132092
3.512500 -3.132092
3.515000 -3.132092
3.517500 -3.132092
3.520000 -3.132092
3.522500 -3.132092
3.525000 -3.132092
3.527500 -3.132092
3.530000 -3.132092
3.532500 -3.132092
3.535000 -3.132092
3.537500 -3.132092
3.540000 -3.132092
3.542500 -3.132092
3.545000 -3.132092
3.547500 -3.132092
3.550000 -3.132092
3.552500 -3.132092
3.555000 -3.132092
3.557500 -3.132092
3.560000 -3.132092
3.562500 -3.132092
3.565000 -3.132092
3.567500 -3.132092
3.570000 -3.132092
3.572500 -3.132092
3.575000 -3.132092
3.577500 -3.132092
3.580000 -3.132092
3.582500 -3.132092
3.585000 -3.132092
3.587500 -3.132092
3.590000 -3.132092
3.592500 -3.132092
3.595000 -3.132092
3.597500 -3.132092
3.600000 -3.132092
3.602500 -3.132092
3.605000 -3.132092
3.607500 -3.132092
3.610000 -3.132092
3.612500 -3.132092
3.615000 -3.132092
3.617500 -3.132092
3.620000 -3.132092
3.622500 -3.132092
3.625000 -3.132092
3.627500 -3.132092
3.630000 -3.132092
3.632500 -3.132092
3.635000 -3.132092
3.637500 -3.132092
3.640000 -3.132092
3.642500 -3.132092
3.645000 -3.132092
3.647500 -3.132092
3.650000 -3.132092
3.652500 -3.132092
3.655000 -3.132092
3.657500 -3.132092
3.660000 -3.132092
3.662500 -3.132092
3.665000 -3.132092
3.667500 -3.132092
3.670000 -3.132092
3.672500 -3.132092
3.675000 -3.132092
3.677500 -3.132092
3.680000 -3.132092
3.682500 -3.132092
3.685000 -3.132092
3.687500 -3.132092
3.690000 -3.132092
3.692500 -3.132092
3.695000 -3.132092
3.697500 -3.132092
3.700000 -3.132092
3.702500 -3.132092
3.705000 -3.132092
3.707500 -3.132092
3.710000 -3.132092
3.712500 -3.132092
3.715000 -3.132092
3.717500 -3.132092
3.720000 -3.132092
3.722500 -3.132092
3.725000 -3.132092
3.727500 -3.132092
3.730000 -3.132092
3.732500 -3.132092
3.735000 -3.132092
3.737500 -3.132092
3.740000 -3.132092
3.742500 -3.132092
3.745000 -3.132092
3.747500 -3.132092
3.750000 -3.132092
3.752500 -3.132092
3.755000 -3.132092
3.757500 -3.132092
3.760000 -3.132092
3.762500 -3.132092
3.765000 -3.132092
3.767500 -3.132092
3.770000 -3.132092
3.772500 -3.132092
3.775000 -3.132092
3.777500 -3.132092
3.780000 -3.132092
3.782500 -3.132092
3.785000 -3.132092
3.787500 -3.132092
3.790000 -3.132092
3.792500 -3.132092
3.795000 -3.132092
3.797500 -3.132092
3.800000 -3.132092
3.802500 -3.132092
3.805000 -3.132092
3.807500 -3.132092
3.810000 -3.132092
3.812500 -3.132092
3.815000 -3.132092
3.817500 -3.132092
3.820000 -3.132092
3.822500 -3.132092
3.825000 -3.132092
3.827500 -3.132092
3.830000 -3.132092
3.832500 -3.132092
3.835000 -3.132092
3.837500 -3.132092
3.840000 -3.132092
3.842500 -3.132092
3.845000 -3.132092
3.847500 -3.132092
3.850000 -3.132092
3.852500 -3.132092
3.855000 -3.132092
3.857500 -3.132092
3.860000 -3.132092
3.862500 -3.132092
3.865000 -3.132092
3.867500 -3.132092
3.870000 -3.132092
3.872500 -3.132092
3.875000 -3.132092
3.877500 -3.132092
3.880000 -3.132092
3.882500 -3.132092
3.885000 -3.132092
3.887500 -3.132092
3.890000 -3.132092
3.892500 -3.132092
3.895000 -3.132092
3.897500 -3.132092
3.900000 -3.132092
3.902500 -3.132092
3.905000 -3.132092
3.907500 -3.132092
3.910000 -3.132092
3.912500 -3.132092
3.915000 -3.132092
3.917500 -3.132092
3.920000 -3.132092
3.922500 -3.132092
3.925000 -3.132092
3.927500 -3.132092
3.930000 -3.132092
3.932500 -3.132092
3.935000 -3.132092
3.937500 -3.132092
3.940000 -3.132092
3.942500 -3.132092
3.945000 -3.132092
3.947500 -3.132092
3.950000 -3.132092
3.952500 -3.132092
3.955000 -3.132092
3.957500 -3.132092
3.960000 -3.132092
3.962500 -3.132092
3.965000 -3.132092
3.967500 -3.132092
3.970000 -3.132092
3.972500 -3.132092
3.975000 -3.132092
3.977500 -3.132092
3.980000 -3.132092
3.982500 -3.132092
3.985000 -3.132092
3.987500 -3.132092
3.990000 -3.132092
3.992500 -3.132092
3.995000 -3.132092
3.997500 -3.132092
4.000000 -3.132092
4.002500 -3.132092
4.005000 -3.132092
4.007500 -3.132092
4.010000 -3.132092
4.012500 -3.132092
4.015000 -3.132092
4.017500 -3.132092
4.020000 -3.132092
4.022500 -3.132092
4.025000 -3.132092
4.027500 -3.132092
4.030000 -3.132092
4.032500 -3.132092
4.035000 -3.132092
4.037500 -3.132092
4.040000 -3.132092
4.042500 -3.132092
4.045000 -3.132092
4.047500 -3.132092
4.050000 -3.132092
4.052500 -3.132092
4.055000 -3.132092
4.057500 -3.132092
4.060000 -3.132092
4.062500 -3.132092
4.065000 -3.132092
4.067500 -3.132092
4.070000 -3.132092
4.072500 -3.132092
4.075000 -3.132092
4.077500 -3.132092
4.080000 -3.132092
4.082500 -3.132092
4.085000 -3.132092
4.087500 -3.132092
4.090000 -3.132092
4.092500 -3.132092
4.095000 -3.132092
4.097500 -3.132092
4.100000 -3.132092
4.102500 -3.132092
4.105000 -3.132092
4.107500 -3.132092
4.110000 -3.132092
4.112500 -3.132092
4.115000 -3.132092
4.117500 -3.132092
4.120000 -3.132092
4.122500 -3.132092
4.125000 -3.132092
4.127500 -3.132092
4.130000 -3.132092
4.132500 -3.132092
4.135000 -3.132092
4.137500 -3.132092
4.140000 -3.132092
4.142500 -3.132092
4.145000 -3.132092
4.147500 -3.132092
4.150000 -3.132092
4.152500 -3.132092
4.155000 -3.132092
4.157500 -3.132092
4.160000 -3.132092
4.162500 -3.132092
4.165000 -3.132092
4.167500 -3.132092
4.170000 -3.132092
4.172500 -3.132092
4.175000 -3.132092
4.177500 -3.132092
4.180000 -3.132092
4.182500 -3.132092
4.185000 -3.132092
4.187500 -3.132092
4.190000 -3.132092
4.192500 -3.132092
4.195000 -3.132092
4.197500 -3.132092
4.200000 -3.132092
4.202500 -3.132092
4.205000 -3.132092
4.207500 -3.132092
4.210000 -3.132092
4.212500 -3.132092
4.215000 -3.132092
4.217500 -3.132092
4.220000 -3.132092
4.222500 -3.132092
4.225000 -3.132092
4.227500 -3.132092
4.230000 -3.132092
4.232500 -3.132092
4.235000 -3.132092
4.237500 -3.132092
4.240000 -3.132092
4.242500 -3.132092
4.245000 -3.132092
4.247500 -3.132092
4.250000 -3.132092
4.252500 -3.132092
4.255000 -3.132092
4.257500 -3.132092
4.260000 -3.132092
4.262500 -3.132092
4.265000 -3.132092
4.267500 -3.132092
4.270000 -3.132092
4.272500 -3.132092
4.275000 -3.132092
4.277500 -3.132092
4.280000 -3.132092
4.282500 -3.132092
4.285000 -3.132092
4.287500 -3.132092
4.290000 -3.132092
4.292500 -3.132092
4.295000 -3.132092
4.297500 -3.132092
4.300000 -3.132092
4.302500 -3.132092
4.305000 -3.132092
4.307500 -3.132092
4.310000 -3.132092
4.312500 -3.132092
4.315000 -3.132092
4.317500 -3.132092
4.320000 -3.132092
4.322500 -3.132092
4.325000 -3.132092
4.327500 -3.132092
4.330000 -3.132092
4.332500 -3.132092
4.335000 -3.132092
4.337500 -3.132092
4.340000 -3.132092
4.342500 -3.132092
4.345000 -3.132092
4.347500 -3.132092
4.350000 -3.132092
4.352500 -3.132092
4.355000 -3.132092
4.357500 -3.132092
4.360000 -3.132092
4.362500 -3.132092
4.365000 -3.132092
4.367500 -3.132092
4.370000 -3.132092
4.372500 -3.132092
4.375000 -3.132092
4.377500 -3.132092
4.380000 -3.132092
4.382500 -3.132092
4.385000 -3.132092
4.387500 -3.132092
4.390000 -3.132092
4.392500 -3.132092
4.395000 -3.132092
4.397500 -3.132092
4.400000 -3.132092
4.402500 -3.132092
4.405000 -3.132092
4.407500 -3.132092
4.410000 -3.132092
4.412500 -3.132092
4.415000 -3.132092
4.417500 -3.132092
4.420000 -3.132092
4.422500 -3.132092
4.425000 -3.132092
4.427500 -3.132092
4.430000 -3.132092
4.432500 -3.132092
4.435000 -3.132092
4.437500 -3.132092
4.440000 -3.132092
4.442500 -3.132092
4.445000 -3.132092
4.447500 -3.132092
4.450000 -3.132092
4.452500 -3.132092
4.455000 -3.132092
4.457500 -3.132092
4.460000 -3.132092
4.462500 -3.132092
4.465000 -3.132092
4.467500 -3.132092
4.470000 -3.132092
4.472500 -3.132092
4.475000 -3.132092
4.477500 -3.132092
4.480000 -3.132092
4.482500 -3.132092
4.485000 -3.132092
4.487500 -3.132092
4.490000 -3.132092
4.492500 -3.132092
4.495000 -3.132092
4.497500 -3.132092
4.500000 -3.132092
4.502500 -3.132092
4.505000 -3.132092
4.507500 -3.132092
4.510000 -3.132092
4.512500 -3.132092
4.515000 -3.132092
4.517500 -3.132092
4.520000 -3.132092
4.522500 -3.132092
4.525000 -3.132092
4.527500 -3.132092
4.530000 -3.132092
4.532500 -3.132092
4.535000 -3.132092
4.537500 -3.132092
4.540000 -3.132092
4.542500 -3.132092
4.545000 -3.132092
4.547500 -3.132092
4.550000 -3.132092
4.552500 -3.132092
4.555000 -3.132092
4.557500 -3.132092
4.560000 -3.132092
4.562500 -3.132092
4.565000 -3.132092
4.567500 -3.132092
4.570000 -3.132092
4.572500 -3.132092
4.575000 -3.132092
4.577500 -3.132092
4.580000 -3.132092
4.582500 -3.132092
4.585000 -3.132092
4.587500 -3.132092
4.590000 -3.132092
4.592500 -3.132092
4.595000 -3.132092
4.597500 -3.132092
4.600000 -3.132092
4.602500 -3.132092
4.605000 -3.132092
4.607500 -3.132092
4.610000 -3.132092
4.612500 -3.132092
4.615000 -3.132092
4.617500 -3.132092
4.620000 -3.132092
4.622500 -3.132092
4.625000 -3.132092
4.627500 -3.132092
4.630000 -3.132092
4.632500 -3.132092
4.635000 -3.132092
4.637500 -3.132092
4.640000 -3.132092
4.642500 -3.132092
4.645000 -3.132092
4.647500 -3.132092
4.650000 -3.132092
4.652500 -3.132092
4.655000 -3.132092
4.657500 -3.132092
4.660000 -3.132092
4.662500 -3.132092
4.665000 -3.132092
4.667500 -3.132092
4.670000 -3.132092
4.672500 -3.132092
4.675000 -3.132092
4.677500 -3.132092
4.680000 -3.132092
4.682500 -3.132092
4.685000 -3.132092
4.687500 -3.132092
4.690000 -3.132092
4.692500 -3.132092
4.695000 -3.132092
4.697500 -3.132092
4.700000 -3.132092
4.702500 -3.132092
4.705000 -3.132092
4.707500 -3.132092
4.710000 -3.132092
4.712500 -3.132092
4.715000 -3.132092
4.717500 -3.132092
4.720000 -3.132092
4.722500 -3.132092
4.725000 -3.132092
4.727500 -3.132092
4.730000 -3.132092
4.732500 -3.132092
4.735000 -3.132092
4.737500 -3.132092
4.740000 -3.132092
4.742500 -3.132092
4.745000 -3.132092
4.747500 -3.132092
4.750000 -3.132092
4.752500 -3.132092
4.755000 -3.132092
4.757500 -3.132092
4.760000 -3.132092
4.762500 -3.132092
4.765000 -3.132092
4.767500 -3.132092
4.770000 -3.132092
4.772500 -3.132092
4.775000 -3.132092
4.777500 -3.132092
4.780000 -3.132092
4.782500 -3.132092
4.785000 -3.132092
4.787500 -3.132092
4.790000 -3.132092
4.792500 -3.132092
4.795000 -3.132092
4.797500 -3.132092
4.800000 -3.132092
4.802500 -3.132092
4.805000 -3.132092
4.807500 -3.132092
4.810000 -3.132092
4.812500 -3.132092
4.815000 -3.132092
4.817500 -3.132092
4.820000 -3.132092
4.822500 -3.132092
4.825000 -3.132092
4.827500 -3.132092
4.830000 -3.132092
4.832500 -3.132092
4.835000 -3.132092
4.837500 -3.132092
4.840000 -3.132092
4.842500 -3.132092
4.845000 -3.132092
4.847500 -3.132092
4.850000 -3.132092
4.852500 -3.132092
4.855000 -3.132092
4.857500 -3.132092
4.860000 -3.132092
4.862500 -3.132092
4.865000 -3.132092
4.867500 -3.132092
4.870000 -3.132092
4.872500 -3.132092
4.875000 -3.132092
4.877500 -3.132092
4.880000 -3.132092
4.882500 -3.132092
4.885000 -3.132092
4.887500 -3.132092
4.890000 -3.132092
4.892500 -3.132092
4.895000 -3.132092
4.897500 -3.132092
4.900000 -3.132092
4.902500 -3.132092
4.905000 -3.132092
4.907500 -3.132092
4.910000 -3.132092
4.912500 -3.132092
4.915000 -3.132092
4.917500 -3.132092
4.920000 -3.132092
4.922500 -3.132092
4.925000 -3.132092
4.927500 -3.132092
4.930000 -3.132092
4.932500 -3.132092
4.935000 -3.132092
4.937500 -3.132092
4.940000 -3.132092
4.942500 -3.132092
4.945000 -3.132092
4.947500 -3.132092
4.950000 -3.132092
4.952500 -3.132092
4.955000 -3.132092
4.957500 -3.132092
4.960000 -3.132092
4.962500 -3.132092
4.965000 -3.132092
4.967500 -3.132092
4.970000 -3.132092
4.972500 -3.132092
4.975000 -3.132092
4.977500 -3.132092
4.980000 -3.132092
4.982500 -3.132092
4.985000 -3.132092
4.987500 -3.132092
4.990000 -3.132092
4.992500 -3.132092
4.995000 -3.132092
4.997500 -3.132092
5.000000 -3.132092
5.002500 -3.132092
5.005000 -3.132092
5.007500 -3.132092
5.010000 -3.132092
5.012500 -3.132092
5.015000 -3.132092
5.017500 -3.132092
5.020000 -3.132092
5.022500 -3.132092
5.025000 -3.132092
5.027500 -3.132092
5.030000 -3.132092
5.032500 -3.132092
5.035000 -3.132092
5.037500 -3.132092
5.040000 -3.132092
5.042500 -3.132092
5.045000 -3.132092
5.047500 -3.132092
5.050000 -3.132092
5.052500 -3.132092
5.055000 -3.132092
5.057500 -3.132092
5.060000 -3.132092
5.062500 -3.132092
5.065000 -3.132092
5.067500 -3.132092
5.070000 -3.132092
5.072500 -3.132092
5.075000 -3.132092
5.077500 -3.132092
5.080000 -3.132092
5.082500 -3.132092
5.085000 -3.132092
5.087500 -3.132092
5.090000 -3.132092
5.092500 -3.132092
5.095000 -3.132092
5.097500 -3.132092
5.100000 -3.132092
5.102500 -3.132092
5.105000 -3.132092
5.107500 -3.132092
5.110000 -3.132092
5.112500 -3.132092
5.115000 -3.132092
5.117500 -3.132092
5.120000 -3.132092
5.122500 -3.132092
5.125000 -3.132092
5.127500 -3.132092
5.130000 -3.132092
5.132500 -3.132092
5.135000 -3.132092
5.137500 -3.132092
5.140000 -3.132092
5.142500 -3.132092
5.145000 -3.132092
5.147500 -3.132092
5.150000 -3.132092
5.152500 -3.132092
5.155000 -3.132092
5.157500 -3.132092
5.160000 -3.132092
5.162500 -3.132092
5.165000 -3.132092
5.167500 -3.132092
5.170000 -3.132092
5.172500 -3.132092
5.175000 -3.132092
5.177500 -3.132092
5.180000 -3.132092
5.182500 -3.132092
5.185000 -3.132092
5.187500 -3.132092
5.190000 -3.132092
5.192500 -3.132092
5.195000 -3.132092
5.197500 -3.132092
5.200000 -3.132092
5.202500 -3.132092
5.205000 -3.132092
5.207500 -3.132092
5.210000 -3.132092
5.212500 -3.132092
5.215000 -3.132092
5.217500 -3.132092
5.220000 -3.132092
5.222500 -3.132092
5.225000 -3.132092
5.227500 -3.132092
5.230000 -3.132092
5.232500 -3.132092
5.235000 -3.132092
5.237500 -3.132092
5.240000 -3.132092
5.242500 -3.132092
5.245000 -3.132092
5.247500 -3.132092
5.250000 -3.132092
5.252500 -3.132092
5.255000 -3.132092
5.257500 -3.132092
5.260000 -3.132092
5.262500 -3.132092
5.265000 -3.132092
5.267500 -3.132092
5.270000 -3.132092
5.272500 -3.132092
5.275000 -3.132092
5.277500 -3.132092
5.280000 -3.132092
5.282500 -3.132092
5.285000 -3.132092
5.287500 -3.132092
5.290000 -3.132092
5.292500 -3.132092
5.295000 -3.132092
5.297500 -3.132092
5.300000 -3.132092
5.302500 -3.132092
5.305000 -3.132092
5.307500 -3.132092
5.310000 -3.132092
5.312500 -3.132092
5.315000 -3.132092
5.317500 -3.132092
5.320000 -3.132092
5.322500 -3.132092
5.325000 -3.132092
5.327500 -3.132092
5.330000 -3.132092
5.332500 -3.132092
5.335000 -3.132092
5.337500 -3.132092
5.340000 -3.132092
5.342500 -3.132092
5.345000 -3.132092
5.347500 -3.132092
5.350000 -3.132092
5.352500 -3.132092
5.355000 -3.132092
5.357500 -3.132092
5.360000 -3.132092
5.362500 -3.132092
5.365000 -3.132092
5.367500 -3.132092
5.370000 -3.132092
5.372500 -3.132092
5.375000 -3.132092
5.377500 -3.132092
5.380000 -3.132092
5.382500 -3.132092
5.385000 -3.132092
5.387500 -3.132092
5.390000 -3.132092
5.392500 -3.132092
5.395000 -3.132092
5.397500 -3.132092
5.400000 -3.132092
5.402500 -3.132092
5.405000 -3.132092
5.407500 -3.132092
5.410000 -3.132092
5.412500 -3.132092
5.415000 -3.132092
5.417500 -3.132092
5.420000 -3.132092
5.422500 -3.132092
5.425000 -3.132092
5.427500 -3.132092
5.430000 -3.132092
5.432500 -3.132092
5.435000 -3.132092
5.437500 -3.132092
5.440000 -3.132092
5.442500 -3.132092
5.445000 -3.132092
5.447500 -3.132092
5.450000 -3.132092
5.452500 -3.132092
5.455000 -3.132092
5.457500 -3.132092
5.460000 -3.132092
5.462500 -3.132092
5.465000 -3.132092
5.467500 -3.132092
5.470000 -3.132092
5.472500 -3.132092
5.475000 -3.132092
5.477500 -3.132092
5.480000 -3.132092
5.482500 -3.132092
5.485000 -3.132092
5.487500 -3.132092
5.490000 -3.132092
5.492500 -3.132092
5.495000 -3.132092
5.497500 -3.132092
5.500000 -3.132092
5.502500 -3.132092
5.505000 -3.132092
5.507500 -3.132092
5.510000 -3.132092
5.512500 -3.132092
5.515000 -3.132092
5.517500 -3.132092
5.520000 -3.132092
5.522500 -3.132092
5.525000 -3.132092
5.527500 -3.132092
5.530000 -3.132092
5.532500 -3.132092
5.535000 -3.132092
5.537500 -3.132092
5.540000 -3.132092
5.542500 -3.132092
5.545000 -3.132092
5.547500 -3.132092
5.550000 -3.132092
5.552500 -3.132092
5.555000 -3.132092
5.557500 -3.132092
5.560000 -3.132092
5.562500 -3.132092
5.565000 -3.132092
5.567500 -3.132092
5.570000 -3.132092
5.572500 -3.132092
5.575000 -3.132092
5.577500 -3.132092
5.580000 -3.132092
5.582500 -3.132092
5.585000 -3.132092
5.587500 -3.132092
5.590000 -3.132092
5.592500 -3.132092
5.595000 -3.132092
5.597500 -3.132092
5.600000 -3.132092
5.602500 -3.132092
5.605000 -3.132092
5.607500 -3.132092
5.610000 -3.132092
5.612500 -3.132092
5.615000 -3.132092
5.617500 -3.132092
5.620000 -3.132092
5.622500 -3.132092
5.625000 -3.132092
5.627500 -3.132092
5.630000 -3.132092
5.632500 -3.132092
5.635000 -3.132092
5.637500 -3.132092
5.640000 -3.132092
5.642500 -3.132092
5.645000 -3.132092
5.647500 -3.132092
5.650000 -3.132092
5.652500 -3.132092
5.655000 -3.132092
5.657500 -3.132092
5.660000 -3.132092
5.662500 -3.132092
5.665000 -3.132092
5.667500 -3.132092
5.670000 -3.132092
5.672500 -3.132092
5.675000 -3.132092
5.677500 -3.132092
5.680000 -3.132092
5.682500 -3.132092
5.685000 -3.132092
5.687500 -3.132092
5.690000 -3.132092
5.692500 -3.132092
5.695000 -3.132092
5.697500 -3.132092
5.700000 -3.132092
5.702500 -3.132092
5.705000 -3.132092
5.707500 -3.132092
5.710000 -3.132092
5.712500 -3.132092
5.715000 -3.132092
5.717500 -3.132092
5.720000 -3.132092
5.722500 -3.132092
5.725000 -3.132092
5.727500 -3.132092
5.730000 -3.132092
5.732500 -3.132092
5.735000 -3.132092
5.737500 -3.132092
5.740000 -3.132092
5.742500 -3.132092
5.745000 -3.132092
5.747500 -3.132092
5.750000 -3.132092
5.752500 -3.132092
5.755000 -3.132092
5.757500 -3.132092
5.760000 -3.132092
5.762500 -3.132092
5.765000 -3.132092
5.767500 -3.132092
5.770000 -3.132092
5.772500 -3.132092
5.775000 -3.132092
5.777500 -3.132092
5.780000 -3.132092
5.782500 -3.132092
5.785000 -3.132092
5.787500 -3.132092
5.790000 -3.132092
5.792500 -3.132092
5.795000 -3.132092
5.797500 -3.132092
5.800000 -3.132092
5.802500 -3.132092
5.805000 -3.132092
5.807500 -3.132092
5.810000 -3.132092
5.812500 -3.132092
5.815000 -3.132092
5.817500 -3.132092
5.820000 -3.132092
5.822500 -3.132092
5.825000 -3.132092
5.827500 -3.132092
5.830000 -3.132092
5.832500 -3.132092
5.835000 -3.132092
5.837500 -3.132092
5.840000 -3.132092
5.842500 -3.132092
5.845000 -3.132092
5.847500 -3.132092
5.850000 -3.132092
5.852500 -3.132092
5.855000 -3.132092
5.857500 -3.132092
5.860000 -3.132092
5.862500 -3.132092
5.865000 -3.132092
5.867500 -3.132092
5.870000 -3.132092
5.872500 -3.132092
5.875000 -3.132092
5.877500 -3.132092
5.880000 -3.132092
5.882500 -3.132092
5.885000 -3.132092
5.887500 -3.132092
5.890000 -3.132092
5.892500 -3.132092
5.895000 -3.132092
5.897500 -3.132092
5.900000 -3.132092
5.902500 -3.132092
5.905000 -3.132092
5.907500 -3.132092
5.910000 -3.132092
5.912500 -3.132092
5.915000 -3.132092
5.917500 -3.132092
5.920000 -3.132092
5.922500 -3.132092
5.925000 -3.132092
5.927500 -3.132092
5.930000 -3.132092
5.932500 -3.132092
5.935000 -3.132092
5.937500 -3.132092
5.940000 -3.132092
5.942500 -3.132092
5.945000 -3.132092
5.947500 -3.132092
5.950000 -3.132092
5.952500 -3.132092
5.955000 -3.132092
5.957500 -3.132092
5.960000 -3.132092
5.962500 -3.132092
5.965000 -3.132092
5.967500 -3.132092
5.970000 -3.132092
5.972500 -3.132092
5.975000 -3.132092
5.977500 -3.132092
5.980000 -3.132092
5.982500 -3.132092
5.985000 -3.132092
5.987500 -3.132092
5.990000 -3.132092
5.992500 -3.132092
5.995000 -3.132092
5.997500 -3.132092
6.000000 -3.132092
6.002500 -3.132092
6.005000 -3.132092
6.007500 -3.132092
6.010000 -3.132092
6.012500 -3.132092
6.015000 -3.132092
6.017500 -3.132092
6.020000 -3.132092
6.022500 -3.132092
6.025000 -3.132092
6.027500 -3.132092
6.030000 -3.132092
6.032500 -3.132092
6.035000 -3.132092
6.037500 -3.132092
6.040000 -3.132092
6.042500 -3.132092
6.045000 -3.132092
6.047500 -3.132092
6.050000 -3.132092
6.052500 -3.132092
6.055000 -3.132092
6.057500 -3.132092
6.060000 -3.132092
6.062500 -3.132092
6.065000 -3.132092
6.067500 -3.132092
6.070000 -3.132092
6.072500 -3.132092
6.075000 -3.132092
6.077500 -3.132092
6.080000 -3.132092
6.082500 -3.132092
6.085000 -3.132092
6.087500 -3.132092
6.090000 -3.132092
6.092500 -3.132092
6.095000 -3.132092
6.097500 -3.132092
6.100000 -3.132092
6.102500 -3.132092
6.105000 -3.132092
6.107500 -3.132092
6.110000 -3.132092
6.112500 -3.132092
6.115000 -3.132092
6.117500 -3.132092
6.120000 -3.132092
6.122500 -3.132092
6.125000 -3.132092
6.127500 -3.132092
6.130000 -3.132092
6.132500 -3.132092
6.135000 -3.132092
6.137500 -3.132092
6.140000 -3.132092
6.142500 -3.132092
6.145000 -3.132092
6.147500 -3.132092
6.150000 -3.132092
6.152500 -3.132092
6.155000 -3.132092
6.157500 -3.132092
6.160000 -3.132092
6.162500 -3.132092
6.165000 -3.132092
6.167500 -3.132092
6.170000 -3.132092
6.172500 -3.132092
6.175000 -3.132092
6.177500 -3.132092
6.180000 -3.132092
6.182500 -3.132092
6.185000 -3.132092
6.187500 -3.132092
6.190000 -3.132092
6.192500 -3.132092
6.195000 -3.132092
6.197500 -3.132092
6.200000 -3.132092
6.202500 -3.132092
6.205000 -3.132092
6.207500 -3.132092
6.210000 -3.132092
6.212500 -3.132092
6.215000 -3.132092
6.217500 -3.132092
6.220000 -3.132092
6.222500 -3.132092
6.225000 -3.132092
6.227500 -3.132092
6.230000 -3.132092
6.232500 -3.132092
6.235000 -3.132092
6.237500 -3.132092
6.240000 -3.132092
6.242500 -3.132092
6.245000 -3.132092
6.247500 -3.132092
6.250000 -3.132092
6.252500 -3.132092
6.255000 -3.132092
6.257500 -3.132092
6.260000 -3.132092
6.262500 -3.132092
6.265000 -3.132092
6.267500 -3.132092
6.270000 -3.132092
6.272500 -3.132092
6.275000 -3.132092
6.277500 -3.132092
6.280000 -3.132092
6.282500 -3.132092
6.285000 -3.132092
6.287500 -3.132092
6.290000 -3.132092
6.292500 -3.132092
6.295000 -3.132092
6.297500 -3.132092
6.300000 -3.132092
6.302500 -3.132092
6.305000 -3.132092
6.307500 -3.132092
6.310000 -3.132092
6.312500 -3.132092
6.315000 -3.132092
6.317500 -3.132092
6.320000 -3.132092
6.322500 -3.132092
6.325000 -3.132092
6.327500 -3.132092
6.330000 -3.132092
6.332500 -3.132092
6.335000 -3.132092
6.337500 -3.132092
6.340000 -3.132092
6.342500 -3.132092
6.345000 -3.132092
6.347500 -3.132092
6.350000 -3.132092
6.352500 -3.132092
6.355000 -3.132092
6.357500 -3.132092
6.360000 -3.132092
6.362500 -3.132092
6.365000 -3.132092
6.367500 -3.132092
6.370000 -3.132092
6.372500 -3.132092
6.375000 -3.132092
6.377500 -3.132092
6.380000 -3.132092
6.382500 -3.132092
6.385000 -3.132092
6.387500 -3.132092
6.390000 -3.132092
6.392500 -3.132092
6.395000 -3.132092
6.397500 -3.132092
6.400000 -3.132092
6.402500 -3.132092
6.405000 -3.132092
6.407500 -3.132092
6.410000 -3.132092
6.412500 -3.132092
6.415000 -3.132092
6.417500 -3.132092
6.420000 -3.132092
6.422500 -3.132092
6.425000 -3.132092
6.427500 -3.132092
6.430000 -3.132092
6.432500 -3.132092
6.435000 -3.132092
6.437500 -3.132092
6.440000 -3.132092
6.442500 -3.132092
6.445000 -3.132092
6.447500 -3.132092
6.450000 -3.132092
6.452500 -3.132092
6.455000 -3.132092
6.457500 -3.132092
6.460000 -3.132092
6.462500 -3.132092
6.465000 -3.132092
6.467500 -3.132092
6.470000 -3.132092
6.472500 -3.132092
6.475000 -3.132092
6.477500 -3.132092
6.480000 -3.132092
6.482500 -3.132092
6.485000 -3.132092
6.487500 -3.132092
6.490000 -3.132092
6.492500 -3.132092
6.495000 -3.132092
6.497500 -3.132092
6.500000 -3.132092
6.502500 -3.132092
6.505000 -3.132092
6.507500 -3.132092
6.510000 -3.132092
6.512500 -3.132092
6.515000 -3.132092
6.517500 -3.132092
6.520000 -3.132092
6.522500 -3.132092
6.525000 -3.132092
6.527500 -3.132092
6.530000 -3.132092
6.532500 -3.132092
6.535000 -3.132092
6.537500 -3.132092
6.540000 -3.132092
6.542500 -3.132092
6.545000 -3.132092
6.547500 -3.132092
6.550000 -3.132092
6.552500 -3.132092
6.555000 -3.132092
6.557500 -3.132092
6.560000 -3.132092
6.562500 -3.132092
6.565000 -3.132092
6.567500 -3.132092
6.570000 -3.132092
6.572500 -3.132092
6.575000 -3.132092
6.577500 -3.132092
6.580000 -3.132092
6.582500 -3.132092
6.585000 -3.132092
6.587500 -3.132092
6.590000 -3.132092
6.592500 -3.132092
6.595000 -3.132092
6.597500 -3.132092
6.600000 -3.132092
6.602500 -3.132092
6.605000 -3.132092
6.607500 -3.132092
6.610000 -3.132092
6.612500 -3.132092
6.615000 -3.132092
6.617500 -3.132092
6.620000 -3.132092
6.622500 -3.132092
6.625000 -3.132092
6.627500 -3.132092
6.630000 -3.132092
6.632500 -3.132092
6.635000 -3.132092
6.637500 -3.132092
6.640000 -3.132092
6.642500 -3.132092
6.645000 -3.132092
6.647500 -3.132092
6.650000 -3.132092
6.652500 -3.132092
6.655000 -3.132092
6.657500 -3.132092
6.660000 -3.132092
6.662500 -3.132092
6.665000 -3.132092
6.667500 -3.132092
6.670000 -3.132092
6.672500 -3.132092
6.675000 -3.132092
6.677500 -3.132092
6.680000 -3.132092
6.682500 -3.132092
6.685000 -3.132092
6.687500 -3.132092
6.690000 -3.132092
6.692500 -3.132092
6.695000 -3.132092
6.697500 -3.132092
6.700000 -3.132092
6.702500 -3.132092
6.705000 -3.132092
6.707500 -3.132092
6.710000 -3.132092
6.712500 -3.132092
6.715000 -3.132092
6.717500 -3.132092
6.720000 -3.132092
6.722500 -3.132092
6.725000 -3.132092
6.727500 -3.132092
6.730000 -3.132092
6.732500 -3.132092
6.735000 -3.132092
6.737500 -3.132092
6.740000 -3.132092
6.742500 -3.132092
6.745000 -3.132092
6.747500 -3.132092
6.750000 -3.132092
6.752500 -3.132092
6.755000 -3.132092
6.757500 -3.132092
6.760000 -3.132092
6.762500 -3.132092
6.765000 -3.132092
6.767500 -3.132092
6.770000 -3.132092
6.772500 -3.132092
6.775000 -3.132092
6.777500 -3.132092
6.780000 -3.132092
6.782500 -3.132092
6.785000 -3.132092
6.787500 -3.132092
6.790000 -3.132092
6.792500 -3.132092
6.795000 -3.132092
6.797500 -3.132092
6.800000 -3.132092
6.802500 -3.132092
6.805000 -3.132092
6.807500 -3.132092
6.810000 -3.132092
6.812500 -3.132092
6.815000 -3.132092
6.817500 -3.132092
6.820000 -3.132092
6.822500 -3.132092
6.825000 -3.132092
6.827500 -3.132092
6.830000 -3.132092
6.832500 -3.132092
6.835000 -3.132092
6.837500 -3.132092
6.840000 -3.132092
6.842500 -3.132092
6.845000 -3.132092
6.847500 -3.132092
6.850000 -3.132092
6.852500 -3.132092
6.855000 -3.132092
6.857500 -3.132092
6.860000 -3.132092
6.862500 -3.132092
6.865000 -3.132092
6.867500 -3.132092
6.870000 -3.132092
6.872500 -3.132092
6.875000 -3.132092
6.877500 -3.132092
6.880000 -3.132092
6.882500 -3.132092
6.885000 -3.132092
6.887500 -3.132092
6.890000 -3.132092
6.892500 -3.132092
6.895000 -3.132092
6.897500 -3.132092
6.900000 -3.132092
6.902500 -3.132092
6.905000 -3.132092
6.907500 -3.132092
6.910000 -3.132092
6.912500 -3.132092
6.915000 -3.132092
6.917500 -3.132092
6.920000 -3.132092
6.922500 -3.132092
6.925000 -3.132092
6.927500 -3.132092
6.930000 -3.132092
6.932500 -3.132092
6.935000 -3.132092
6.937500 -3.132092
6.940000 -3.132092
6.942500 -3.132092
6.945000 -3.132092
6.947500 -3.132092
6.950000 -3.132092
6.952500 -3.132092
6.955000 -3.132092
6.957500 -3.132092
6.960000 -3.132092
6.962500 -3.132092
6.965000 -3.132092
6.967500 -3.132092
6.970000 -3.132092
6.972500 -3.132092
6.975000 -3.132092
6.977500 -3.132092
6.980000 -3.132092
6.982500 -3.132092
6.985000 -3.132092
6.987500 -3.132092
6.990000 -3.132092
6.992500 -3.132092
6.995000 -3.132092
6.997500 -3.132092
7.000000 -3.132092
7.002500 -3.132092
7.005000 -3.132092
7.007500 -3.132092
7.010000 -3.132092
7.012500 -3.132092
7.015000 -3.132092
7.017500 -3.132092
7.020000 -3.132092
7.022500 -3.132092
7.025000 -3.132092
7.027500 -3.132092
7.030000 -3.132092
7.032500 -3.132092
7.035000 -3.132092
7.037500 -3.132092
7.040000 -3.132092
7.042500 -3.132092
7.045000 -3.132092
7.047500 -3.132092
7.050000 -3.132092
7.052500 -3.132092
7.055000 -3.132092
7.057500 -3.132092
7.060000 -3.132092
7.062500 -3.132092
7.065000 -3.132092
7.067500 -3.132092
7.070000 -3.132092
7.072500 -3.132092
7.075000 -3.132092
7.077500 -3.132092
7.080000 -3.132092
7.082500 -3.132092
7.085000 -3.132092
7.087500 -3.132092
7.090000 -3.132092
7.092500 -3.132092
7.095000 -3.132092
7.097500 -3.132092
7.100000 -3.132092
7.102500 -3.132092
7.105000 -3.132092
7.107500 -3.132092
7.110000 -3.132092
7.112500 -3.132092
7.115000 -3.132092
7.117500 -3.132092
7.120000 -3.132092
7.122500 -3.132092
7.125000 -3.132092
7.127500 -3.132092
7.130000 -3.132092
7.132500 -3.132092
7.135000 -3.132092
7.137500 -3.132092
7.140000 -3.132092
7.142500 -3.132092
7.145000 -3.132092
7.147500 -3.132092
7.150000 -3.132092
7.152500 -3.132092
7.155000 -3.132092
7.157500 -3.132092
7.160000 -3.132092
7.162500 -3.132092
7.165000 -3.132092
7.167500 -3.132092
7.170000 -3.132092
7.172500 -3.132092
7.175000 -3.132092
7.177500 -3.132092
7.180000 -3.132092
7.182500 -3.132092
7.185000 -3.132092
7.187500 -3.132092
7.190000 -3.132092
7.192500 -3.132092
7.195000 -3.132092
7.197500 -3.132092
7.200000 -3.132092
7.202500 -3.132092
7.205000 -3.132092
7.207500 -3.132092
7.210000 -3.132092
7.212500 -3.132092
7.215000 -3.132092
7.217500 -3.132092
7.220000 -3.132092
7.222500 -3.132092
7.225000 -3.132092
7.227500 -3.132092
7.230000 -3.132092
7.232500 -3.132092
7.235000 -3.132092
7.237500 -3.132092
7.240000 -3.132092
7.242500 -3.132092
7.245000 -3.132092
7.247500 -3.132092
7.250000 -3.132092
7.252500 -3.132092
7.255000 -3.132092
7.257500 -3.132092
7.260000 -3.132092
7.262500 -3.132092
7.265000 -3.132092
7.267500 -3.132092
7.270000 -3.132092
7.272500 -3.132092
7.275000 -3.132092
7.277500 -3.132092
7.280000 -3.132092
7.282500 -3.132092
7.285000 -3.132092
7.287500 -3.132092
7.290000 -3.132092
7.292500 -3.132092
7.295000 -3.132092
7.297500 -3.132092
7.300000 -3.132092
7.302500 -3.132092
7.305000 -3.132092
7.307500 -3.132092
7.310000 -3.132092
7.312500 -3.132092
7.315000 -3.132092
7.317500 -3.132092
7.320000 -3.132092
7.322500 -3.132092
7.325000 -3.132092
7.327500 -3.132092
7.330000 -3.132092
7.332500 -3.132092
7.335000 -3.132092
7.337500 -3.132092
7.340000 -3.132092
7.342500 -3.132092
7.345000 -3.132092
7.347500 -3.132092
7.350000 -3.132092
7.352500 -3.132092
7.355000 -3.132092
7.357500 -3.132092
7.360000 -3.132092
7.362500 -3.132092
7.365000 -3.132092
7.367500 -3.132092
7.370000 -3.132092
7.372500 -3.132092
7.375000 -3.132092
7.377500 -3.132092
7.380000 -3.132092
7.382500 -3.132092
7.385000 -3.132092
7.387500 -3.132092
7.390000 -3.132092
7.392500 -3.132092
7.395000 -3.132092
7.397500 -3.132092
7.400000 -3.132092
7.402500 -3.132092
7.405000 -3.132092
7.407500 -3.132092
7.410000 -3.132092
7.412500 -3.132092
7.415000 -3.132092
7.417500 -3.132092
7.420000 -3.132092
7.422500 -3.132092
7.425000 -3.132092
7.427500 -3.132092
7.430000 -3.132092
7.432500 -3.132092
7.435000 -3.132092
7.437500 -3.132092
7.440000 -3.132092
7.442500 -3.132092
7.445000 -3.132092
7.447500 -3.132092
7.450000 -3.132092
7.452500 -3.132092
7.455000 -3.132092
7.457500 -3.132092
7.460000 -3.132092
7.462500 -3.132092
7.465000 -3.132092
7.467500 -3.132092
7.470000 -3.132092
7.472500 -3.132092
7.475000 -3.132092
7.477500 -3.132092
7.480000 -3.132092
7.482500 -3.132092
7.485000 -3.132092
7.487500 -3.132092
7.490000 -3.132092
7.492500 -3.132092
7.495000 -3.132092
7.497500 -3.132092
7.500000 -3.132092
7.502500 -3.132092
7.505000 -3.132092
7.507500 -3.132092
7.510000 -3.132092
7.512500 -3.132092
7.515000 -3.132092
7.517500 -3.132092
7.520000 -3.132092
7.522500 -3.132092
7.525000 -3.132092
7.527500 -3.132092
7.530000 -3.132092
7.532500 -3.132092
7.535000 -3.132092
7.537500 -3.132092
7.540000 -3.132092
7.542500 -3.132092
7.545000 -3.132092
7.547500 -3.132092
7.550000 -3.132092
7.552500 -3.132092
7.555000 -3.132092
7.557500 -3.132092
7.560000 -3.132092
7.562500 -3.132092
7.565000 -3.132092
7.567500 -3.132092
7.570000 -3.132092
7.572500 -3.132092
7.575000 -3.132092
7.577500 -3.132092
7.580000 -3.132092
7.582500 -3.132092
7.585000 -3.132092
7.587500 -3.132092
7.590000 -3.132092
7.592500 -3.132092
7.595000 -3.132092
7.597500 -3.132092
7.600000 -3.132092
7.602500 -3.132092
7.605000 -3.132092
7.607500 -3.132092
7.610000 -3.132092
7.612500 -3.132092
7.615000 -3.132092
7.617500 -3.132092
7.620000 -3.132092
7.622500 -3.132092
7.625000 -3.132092
7.627500 -3.132092
7.630000 -3.132092
7.632500 -3.132092
7.635000 -3.132092
7.637500 -3.132092
7.640000 -3.132092
7.642500 -3.132092
7.645000 -3.132092
7.647500 -3.132092
7.650000 -3.132092
7.652500 -3.132092
7.655000 -3.132092
7.657500 -3.132092
7.660000 -3.132092
7.662500 -3.132092
7.665000 -3.132092
7.667500 -3.132092
7.670000 -3.132092
7.672500 -3.132092
7.675000 -3.132092
7.677500 -3.132092
7.680000 -3.132092
7.682500 -3.132092
7.685000 -3.132092
7.687500 -3.132092
7.690000 -3.132092
7.692500 -3.132092
7.695000 -3.132092
7.697500 -3.132092
7.700000 -3.132092
7.702500 -3.132092
7.705000 -3.132092
7.707500 -3.132092
7.710000 -3.132092
7.712500 -3.132092
7.715000 -3.132092
7.717500 -3.132092
7.720000 -3.132092
7.722500 -3.132092
7.725000 -3.132092
7.727500 -3.132092
7.730000 -3.132092
7.732500 -3.132092
7.735000 -3.132092
7.737500 -3.132092
7.740000 -3.132092
7.742500 -3.132092
7.745000 -3.132092
7.747500 -3.132092
7.750000 -3.132092
7.752500 -3.132092
7.755000 -3.132092
7.757500 -3.132092
7.760000 -3.132092
7.762500 -3.132092
7.765000 -3.132092
7.767500 -3.132092
7.770000 -3.132092
7.772500 -3.132092
7.775000 -3.132092
7.777500 -3.132092
7.780000 -3.132092
7.782500 -3.132092
7.785000 -3.132092
7.787500 -3.132092
7.790000 -3.132092
7.792500 -3.132092
7.795000 -3.132092
7.797500 -3.132092
7.800000 -3.132092
7.802500 -3.132092
7.805000 -3.132092
7.807500 -3.132092
7.810000 -3.132092
7.812500 -3.132092
7.815000 -3.132092
7.817500 -3.132092
7.820000 -3.132092
7.822500 -3.132092
7.825000 -3.132092
7.827500 -3.132092
7.830000 -3.132092
7.832500 -3.132092
7.835000 -3.132092
7.837500 -3.132092
7.840000 -3.132092
7.842500 -3.132092
7.845000 -3.132092
7.847500 -3.132092
7.850000 -3.132092
7.852500 -3.132092
7.855000 -3.132092
7.857500 -3.132092
7.860000 -3.132092
7.862500 -3.132092
7.865000 -3.132092
7.867500 -3.132092
7.870000 -3.132092
7.872500 -3.132092
7.875000 -3.132092
7.877500 -3.132092
7.880000 -3.132092
7.882500 -3.132092
7.885000 -3.132092
7.887500 -3.132092
7.890000 -3.132092
7.892500 -3.132092
7.895000 -3.132092
7.897500 -3.132092
7.900000 -3.132092
7.902500 -3.132092
7.905000 -3.132092
7.907500 -3.132092
7.910000 -3.132092
7.912500 -3.132092
7.915000 -3.132092
7.917500 -3.132092
7.920000 -3.132092
7.922500 -3.132092
7.925000 -3.132092
7.927500 -3.132092
7.930000 -3.132092
7.932500 -3.132092
7.935000 -3.132092
7.937500 -3.132092
7.940000 -3.132092
7.942500 -3.132092
7.945000 -3.132092
7.947500 -3.132092
7.950000 -3.132092
7.952500 -3.132092
7.955000 -3.132092
7.957500 -3.132092
7.960000 -3.132092
7.962500 -3.132092
7.965000 -3.132092
7.967500 -3.132092
7.970000 -3.132092
7.972500 -3.132092
7.975000 -3.132092
7.977500 -3.132092
7.980000 -3.132092
7.982500 -3.132092
7.985000 -3.132092
7.987500 -3.132092
7.990000 -3.132092
7.992500 -3.132092
7.995000 -3.132092
7.997500 -3.132092
8.000000 -3.132092
8.002500 -3.132092
8.005000 -3.132092
8.007500 -3.132092
8.010000 -3.132092
8.012500 -3.132092
8.015000 -3.132092
8.017500 -3.132092
8.020000 -3.132092
8.022500 -3.132092
8.025000 -3.132092
8.027500 -3.132092
8.030000 -3.132092
8.032500 -3.132092
8.035000 -3.132092
8.037500 -3.132092
8.040000 -3.132092
8.042500 -3.132092
8.045000 -3.132092
8.047500 -3.132092
8.050000 -3.132092
8.052500 -3.132092
8.055000 -3.132092
8.057500 -3.132092
8.060000 -3.132092
8.062500 -3.132092
8.065000 -3.132092
8.067500 -3.132092
8.070000 -3.132092
8.072500 -3.132092
8.075000 -3.132092
8.077500 -3.132092
8.080000 -3.132092
8.082500 -3.132092
8.085000 -3.132092
8.087500 -3.132092
8.090000 -3.132092
8.092500 -3.132092
8.095000 -3.132092
8.097500 -3.132092
8.100000 -3.132092
8.102500 -3.132092
8.105000 -3.132092
8.107500 -3.132092
8.110000 -3.132092
8.112500 -3.132092
8.115000 -3.132092
8.117500 -3.132092
8.120000 -3.132092
8.122500 -3.132092
8.125000 -3.132092
8.127500 -3.132092
8.130000 -3.132092
8.132500 -3.132092
8.135000 -3.132092
8.137500 -3.132092
8.140000 -3.132092
8.142500 -3.132092
8.145000 -3.132092
8.147500 -3.132092
8.150000 -3.132092
8.152500 -3.132092
8.155000 -3.132092
8.157500 -3.132092
8.160000 -3.132092
8.162500 -3.132092
8.165000 -3.132092
8.167500 -3.132092
8.170000 -3.132092
8.172500 -3.132092
8.175000 -3.132092
8.177500 -3.132092
8.180000 -3.132092
8.182500 -3.132092
8.185000 -3.132092
8.187500 -3.132092
8.190000 -3.132092
8.192500 -3.132092
8.195000 -3.132092
8.197500 -3.132092
8.200000 -3.132092
8.202500 -3.132092
8.205000 -3.132092
8.207500 -3.132092
8.210000 -3.132092
8.212500 -3.132092
8.215000 -3.132092
8.217500 -3.132092
8.220000 -3.132092
8.222500 -3.132092
8.225000 -3.132092
8.227500 -3.132092
8.230000 -3.132092
8.232500 -3.132092
8.235000 -3.132092
8.237500 -3.132092
8.240000 -3.132092
8.242500 -3.132092
8.245000 -3.132092
8.247500 -3.132092
8.250000 -3.132092
8.252500 -3.132092
8.255000 -3.132092
8.257500 -3.132092
8.260000 -3.132092
8.262500 -3.132092
8.265000 -3.132092
8.267500 -3.132092
8.270000 -3.132092
8.272500 -3.132092
8.275000 -3.132092
8.277500 -3.132092
8.280000 -3.132092
8.282500 -3.132092
8.285000 -3.132092
8.287500 -3.132092
8.290000 -3.132092
8.292500 -3.132092
8.295000 -3.132092
8.297500 -3.132092
8.300000 -3.132092
8.302500 -3.132092
8.305000 -3.132092
8.307500 -3.132092
8.310000 -3.132092
8.312500 -3.132092
8.315000 -3.132092
8.317500 -3.132092
8.320000 -3.132092
8.322500 -3.132092
8.325000 -3.132092
8.327500 -3.132092
8.330000 -3.132092
8.332500 -3.132092
8.335000 -3.132092
8.337500 -3.132092
8.340000 -3.132092
8.342500 -3.132092
8.345000 -3.132092
8.347500 -3.132092
8.350000 -3.132092
8.352500 -3.132092
8.355000 -3.132092
8.357500 -3.132092
8.360000 -3.132092
8.362500 -3.132092
8.365000 -3.132092
8.367500 -3.132092
8.370000 -3.132092
8.372500 -3.132092
8.375000 -3.132092
8.377500 -3.132092
8.380000 -3.132092
8.382500 -3.132092
8.385000 -3.132092
8.387500 -3.132092
8.390000 -3.132092
8.392500 -3.132092
8.395000 -3.132092
8.397500 -3.132092
8.400000 -3.132092
8.402500 -3.132092
8.405000 -3.132092
8.407500 -3.132092
8.410000 -3.132092
8.412500 -3.132092
8.415000 -3.132092
8.417500 -3.132092
8.420000 -3.132092
8.422500 -3.132092
8.425000 -3.132092
8.427500 -3.132092
8.430000 -3.132092
8.432500 -3.132092
8.435000 -3.132092
8.437500 -3.132092
8.440000 -3.132092
8.442500 -3.132092
8.445000 -3.132092
8.447500 -3.132092
8.450000 -3.132092
8.452500 -3.132092
8.455000 -3.132092
8.457500 -3.132092
8.460000 -3.132092
8.462500 -3.132092
8.465000 -3.132092
8.467500 -3.132092
8.470000 -3.132092
8.472500 -3.132092
8.475000 -3.132092
8.477500 -3.132092
8.480000 -3.132092
8.482500 -3.132092
8.485000 -3.132092
8.487500 -3.132092
8.490000 -3.132092
8.492500 -3.132092
8.495000 -3.132092
8.497500 -3.132092
8.500000 -3.132092
8.502500 -3.132092
8.505000 -3.132092
8.507500 -3.132092
8.510000 -3.132092
8.512500 -3.132092
8.515000 -3.132092
8.517500 -3.132092
8.520000 -3.132092
8.522500 -3.132092
8.525000 -3.132092
8.527500 -3.132092
8.530000 -3.132092
8.532500 -3.132092
8.535000 -3.132092
8.537500 -3.132092
8.540000 -3.132092
8.542500 -3.132092
8.545000 -3.132092
8.547500 -3.132092
8.550000 -3.132092
8.552500 -3.132092
8.555000 -3.132092
8.557500 -3.132092
8.560000 -3.132092
8.562500 -3.132092
8.565000 -3.132092
8.567500 -3.132092
8.570000 -3.132092
8.572500 -3.132092
8.575000 -3.132092
8.577500 -3.132092
8.580000 -3.132092
8.582500 -3.132092
8.585000 -3.132092
8.587500 -3.132092
8.590000 -3.132092
8.592500 -3.132092
8.595000 -3.132092
8.597500 -3.132092
8.600000 -3.132092
8.602500 -3.132092
8.605000 -3.132092
8.607500 -3.132092
8.610000 -3.132092
8.612500 -3.132092
8.615000 -3.132092
8.617500 -3.132092
8.620000 -3.132092
8.622500 -3.132092
8.625000 -3.132092
8.627500 -3.132092
8.630000 -3.132092
8.632500 -3.132092
8.635000 -3.132092
8.637500 -3.132092
8.640000 -3.132092
8.642500 -3.132092
8.645000 -3.132092
8.647500 -3.132092
8.650000 -3.132092
8.652500 -3.132092
8.655000 -3.132092
8.657500 -3.132092
8.660000 -3.132092
8.662500 -3.132092
8.665000 -3.132092
8.667500 -3.132092
8.670000 -3.132092
8.672500 -3.132092
8.675000 -3.132092
8.677500 -3.132092
8.680000 -3.132092
8.682500 -3.132092
8.685000 -3.132092
8.687500 -3.132092
8.690000 -3.132092
8.692500 -3.132092
8.695000 -3.132092
8.697500 -3.132092
8.700000 -3.132092
8.702500 -3.132092
8.705000 -3.132092
8.707500 -3.132092
8.710000 -3.132092
8.712500 -3.132092
8.715000 -3.132092
8.717500 -3.132092
8.720000 -3.132092
8.722500 -3.132092
8.725000 -3.132092
8.727500 -3.132092
8.730000 -3.132092
8.732500 -3.132092
8.735000 -3.132092
8.737500 -3.132092
8.740000 -3.132092
8.742500 -3.132092
8.745000 -3.132092
8.747500 -3.132092
8.750000 -3.132092
8.752500 -3.132092
8.755000 -3.132092
8.757500 -3.132092
8.760000 -3.132092
8.762500 -3.132092
8.765000 -3.132092
8.767500 -3.132092
8.770000 -3.132092
8.772500 -3.132092
8.775000 -3.132092
8.777500 -3.132092
8.780000 -3.132092
8.782500 -3.132092
8.785000 -3.132092
8.787500 -3.132092
8.790000 -3.132092
8.792500 -3.132092
8.795000 -3.132092
8.797500 -3.132092
8.800000 -3.132092
8.802500 -3.132092
8.805000 -3.132092
8.807500 -3.132092
8.810000 -3.132092
8.812500 -3.132092
8.815000 -3.132092
8.817500 -3.132092
8.820000 -3.132092
8.822500 -3.132092
8.825000 -3.132092
8.827500 -3.132092
8.830000 -3.132092
8.832500 -3.132092
8.835000 -3.132092
8.837500 -3.132092
8.840000 -3.132092
8.842500 -3.132092
8.845000 -3.132092
8.847500 -3.132092
8.850000 -3.132092
8.852500 -3.132092
8.855000 -3.132092
8.857500 -3.132092
8.860000 -3.132092
8.862500 -3.132092
8.865000 -3.132092
8.867500 -3.132092
8.870000 -3.132092
8.872500 -3.132092
8.875000 -3.132092
8.877500 -3.132092
8.880000 -3.132092
8.882500 -3.132092
8.885000 -3.132092
8.887500 -3.132092
8.890000 -3.132092
8.892500 -3.132092
8.895000 -3.132092
8.897500 -3.132092
8.900000 -3.132092
8.902500 -3.132092
8.905000 -3.132092
8.907500 -3.132092
8.910000 -3.132092
8.912500 -3.132092
8.915000 -3.132092
8.917500 -3.132092
8.920000 -3.132092
8.922500 -3.132092
8.925000 -3.132092
8.927500 -3.132092
8.930000 -3.132092
8.932500 -3.132092
8.935000 -3.132092
8.937500 -3.132092
8.940000 -3.132092
8.942500 -3.132092
8.945000 -3.132092
8.947500 -3.132092
8.950000 -3.132092
8.952500 -3.132092
8.955000 -3.132092
8.957500 -3.132092
8.960000 -3.132092
8.962500 -3.132092
8.965000 -3.132092
8.967500 -3.132092
8.970000 -3.132092
8.972500 -3.132092
8.975000 -3.132092
8.977500 -3.132092
8.980000 -3.132092
8.982500 -3.132092
8.985000 -3.132092
8.987500 -3.132092
8.990000 -3.132092
8.992500 -3.132092
8.995000 -3.132092
8.997500 -3.132092
9.000000 -3.132092
9.002500 -3.132092
9.005000 -3.132092
9.007500 -3.132092
9.010000 -3.132092
9.012500 -3.132092
9.015000 -3.132092
9.017500 -3.132092
9.020000 -3.132092
9.022500 -3.132092
9.025000 -3.132092
9.027500 -3.132092
9.030000 -3.132092
9.032500 -3.132092
9.035000 -3.132092
9.037500 -3.132092
9.040000 -3.132092
9.042500 -3.132092
9.045000 -3.132092
9.047500 -3.132092
9.050000 -3.132092
9.052500 -3.132092
9.055000 -3.132092
9.057500 -3.132092
9.060000 -3.132092
9.062500 -3.132092
9.065000 -3.132092
9.067500 -3.132092
9.070000 -3.132092
9.072500 -3.132092
9.075000 -3.132092
9.077500 -3.132092
9.080000 -3.132092
9.082500 -3.132092
9.085000 -3.132092
9.087500 -3.132092
9.090000 -3.132092
9.092500 -3.132092
9.095000 -3.132092
9.097500 -3.132092
9.100000 -3.132092
9.102500 -3.132092
9.105000 -3.132092
9.107500 -3.132092
9.110000 -3.132092
9.112500 -3.132092
9.115000 -3.132092
9.117500 -3.132092
9.120000 -3.132092
9.122500 -3.132092
9.125000 -3.132092
9.127500 -3.132092
9.130000 -3.132092
9.132500 -3.132092
9.135000 -3.132092
9.137500 -3.132092
9.140000 -3.132092
9.142500 -3.132092
9.145000 -3.132092
9.147500 -3.132092
9.150000 -3.132092
9.152500 -3.132092
9.155000 -3.132092
9.157500 -3.132092
9.160000 -3.132092
9.162500 -3.132092
9.165000 -3.132092
9.167500 -3.132092
9.170000 -3.132092
9.172500 -3.132092
9.175000 -3.132092
9.177500 -3.132092
9.180000 -3.132092
9.182500 -3.132092
9.185000 -3.132092
9.187500 -3.132092
9.190000 -3.132092
9.192500 -3.132092
9.195000 -3.132092
9.197500 -3.132092
9.200000 -3.132092
9.202500 -3.132092
9.205000 -3.132092
9.207500 -3.132092
9.210000 -3.132092
9.212500 -3.132092
9.215000 -3.132092
9.217500 -3.132092
9.220000 -3.132092
9.222500 -3.132092
9.225000 -3.132092
9.227500 -3.132092
9.230000 -3.132092
9.232500 -3.132092
9.235000 -3.132092
9.237500 -3.132092
9.240000 -3.132092
9.242500 -3.132092
9.245000 -3.132092
9.247500 -3.132092
9.250000 -3.132092
9.252500 -3.132092
9.255000 -3.132092
9.257500 -3.132092
9.260000 -3.132092
9.262500 -3.132092
9.265000 -3.132092
9.267500 -3.132092
9.270000 -3.132092
9.272500 -3.132092
9.275000 -3.132092
9.277500 -3.132092
9.280000 -3.132092
9.282500 -3.132092
9.285000 -3.132092
9.287500 -3.132092
9.290000 -3.132092
9.292500 -3.132092
9.295000 -3.132092
9.297500 -3.132092
9.300000 -3.132092
9.302500 -3.132092
9.305000 -3.132092
9.307500 -3.132092
9.310000 -3.132092
9.312500 -3.132092
9.315000 -3.132092
9.317500 -3.132092
9.320000 -3.132092
9.322500 -3.132092
9.325000 -3.132092
9.327500 -3.132092
9.330000 -3.132092
9.332500 -3.132092
9.335000 -3.132092
9.337500 -3.132092
9.340000 -3.132092
9.342500 -3.132092
9.345000 -3.132092
9.347500 -3.132092
9.350000 -3.132092
9.352500 -3.132092
9.355000 -3.132092
9.357500 -3.132092
9.360000 -3.132092
9.362500 -3.132092
9.365000 -3.132092
9.367500 -3.132092
9.370000 -3.132092
9.372500 -3.132092
9.375000 -3.132092
9.377500 -3.132092
9.380000 -3.132092
9.382500 -3.132092
9.385000 -3.132092
9.387500 -3.132092
9.390000 -3.132092
9.392500 -3.132092
9.395000 -3.132092
9.397500 -3.132092
9.400000 -3.132092
9.402500 -3.132092
9.405000 -3.132092
9.407500 -3.132092
9.410000 -3.132092
9.412500 -3.132092
9.415000 -3.132092
9.417500 -3.132092
9.420000 -3.132092
9.422500 -3.132092
9.425000 -3.132092
9.427500 -3.132092
9.430000 -3.132092
9.432500 -3.132092
9.435000 -3.132092
9.437500 -3.132092
9.440000 -3.132092
9.442500 -3.132092
9.445000 -3.132092
9.447500 -3.132092
9.450000 -3.132092
9.452500 -3.132092
9.455000 -3.132092
9.457500 -3.132092
9.460000 -3.132092
9.462500 -3.132092
9.465000 -3.132092
9.467500 -3.132092
9.470000 -3.132092
9.472500 -3.132092
9.475000 -3.132092
9.477500 -3.132092
9.480000 -3.132092
9.482500 -3.132092
9.485000 -3.132092
9.487500 -3.132092
9.490000 -3.132092
9.492500 -3.132092
9.495000 -3.132092
9.497500 -3.132092
9.500000 -3.132092
9.502500 -3.132092
9.505000 -3.132092
9.507500 -3.132092
9.510000 -3.132092
9.512500 -3.132092
9.515000 -3.132092
9.517500 -3.132092
9.520000 -3.132092
9.522500 -3.132092
9.525000 -3.132092
9.527500 -3.132092
9.530000 -3.132092
9.532500 -3.132092
9.535000 -3.132092
9.537500 -3.132092
9.540000 -3.132092
9.542500 -3.132092
9.545000 -3.132092
9.547500 -3.132092
9.550000 -3.132092
9.552500 -3.132092
9.555000 -3.132092
9.557500 -3.132092
9.560000 -3.132092
9.562500 -3.132092
9.565000 -3.132092
9.567500 -3.132092
9.570000 -3.132092
9.572500 -3.132092
9.575000 -3.132092
9.577500 -3.132092
9.580000 -3.132092
9.582500 -3.132092
9.585000 -3.132092
9.587500 -3.132092
9.590000 -3.132092
9.592500 -3.132092
9.595000 -3.132092
9.597500 -3.132092
9.600000 -3.132092
9.602500 -3.132092
9.605000 -3.132092
9.607500 -3.132092
9.610000 -3.132092
9.612500 -3.132092
9.615000 -3.132092
9.617500 -3.132092
9.620000 -3.132092
9.622500 -3.132092
9.625000 -3.132092
9.627500 -3.132092
9.630000 -3.132092
9.632500 -3.132092
9.635000 -3.132092
9.637500 -3.132092
9.640000 -3.132092
9.642500 -3.132092
9.645000 -3.132092
9.647500 -3.132092
9.650000 -3.132092
9.652500 -3.132092
9.655000 -3.132092
9.657500 -3.132092
9.660000 -3.132092
9.662500 -3.132092
9.665000 -3.132092
9.667500 -3.132092
9.670000 -3.132092
9.672500 -3.132092
9.675000 -3.132092
9.677500 -3.132092
9.680000 -3.132092
9.682500 -3.132092
9.685000 -3.132092
9.687500 -3.132092
9.690000 -3.132092
9.692500 -3.132092
9.695000 -3.132092
9.697500 -3.132092
9.700000 -3.132092
9.702500 -3.132092
9.705000 -3.132092
9.707500 -3.132092
9.710000 -3.132092
9.712500 -3.132092
9.715000 -3.132092
9.717500 -3.132092
9.720000 -3.132092
9.722500 -3.132092
9.725000 -3.132092
9.727500 -3.132092
9.730000 -3.132092
9.732500 -3.132092
9.735000 -3.132092
9.737500 -3.132092
9.740000 -3.132092
9.742500 -3.132092
9.745000 -3.132092
9.747500 -3.132092
9.750000 -3.132092
9.752500 -3.132092
9.755000 -3.132092
9.757500 -3.132092
9.760000 -3.132092
9.762500 -3.132092
9.765000 -3.132092
9.767500 -3.132092
9.770000 -3.132092
9.772500 -3.132092
9.775000 -3.132092
9.777500 -3.132092
9.780000 -3.132092
9.782500 -3.132092
9.785000 -3.132092
9.787500 -3.132092
9.790000 -3.132092
9.792500 -3.132092
9.795000 -3.132092
9.797500 -3.132092
9.800000 -3.132092
9.802500 -3.132092
9.805000 -3.132092
9.807500 -3.132092
9.810000 -3.132092
9.812500 -3.132092
9.815000 -3.132092
9.817500 -3.132092
9.820000 -3.132092
9.822500 -3.132092
9.825000 -3.132092
9.827500 -3.132092
9.830000 -3.132092
9.832500 -3.132092
9.835000 -3.132092
9.837500 -3.132092
9.840000 -3.132092
9.842500 -3.132092
9.845000 -3.132092
9.847500 -3.132092
9.850000 -3.132092
9.852500 -3.132092
9.855000 -3.132092
9.857500 -3.132092
9.860000 -3.132092
9.862500 -3.132092
9.865000 -3.132092
9.867500 -3.132092
9.870000 -3.132092
9.872500 -3.132092
9.875000 -3.132092
9.877500 -3.132092
9.880000 -3.132092
9.882500 -3.132092
9.885000 -3.132092
9.887500 -3.132092
9.890000 -3.132092
9.892500 -3.132092
9.895000 -3.132092
9.897500 -3.132092
9.900000 -3.132092
9.902500 -3.132092
9.905000 -3.132092
9.907500 -3.132092
9.910000 -3.132092
9.912500 -3.132092
9.915000 -3.132092
9.917500 -3.132092
9.920000 -3.132092
9.922500 -3.132092
9.925000 -3.132092
9.927500 -3.132092
9.930000 -3.132092
9.932500 -3.132092
9.935000 -3.132092
9.937500 -3.132092
9.940000 -3.132092
9.942500 -3.132092
9.945000 -3.132092
9.947500 -3.132092
9.950000 -3.132092
9.952500 -3.132092
9.955000 -3.132092
9.957500 -3.132092
9.960000 -3.132092
9.962500 -3.132092
9.965000 -3.132092
9.967500 -3.132092
9.970000 -3.132092
9.972500 -3.132092
9.975000 -3.132092
9.977500 -3.132092
9.980000 -3.132092
9.982500 -3.132092
9.985000 -3.132092
9.987500 -3.132092
9.990000 -3.132092
9.992500 -3.132092
9.995000 -3.132092
9.997500 -3.132092
