0.000000 0.000000  1.000000 0.500000
0.010000 0.009998  0.999500 0.500000
0.020000 0.019987  0.998001 0.500000
0.030000 0.029955  0.995503 0.500000
0.040000 0.039893  0.992011 0.500000
0.050000 0.049792  0.987526 0.500000
0.060000 0.059641  0.982054 0.500000
0.070000 0.069430  0.975600 0.500000
0.080000 0.079149  0.968170 0.500000
0.090000 0.088790  0.959773 0.500000
0.100000 0.098342  0.950415 0.500000
0.110000 0.107795  0.940108 0.500000
0.120000 0.117141  0.928860 0.500000
0.130000 0.126369  0.916683 0.500000
0.140000 0.135471  0.903590 0.500000
0.150000 0.144438  0.889594 0.500000
0.160000 0.153260  0.874707 0.500000
0.170000 0.161929  0.858947 0.500000
0.180000 0.170436  0.842327 0.500000
0.190000 0.178773  0.824865 0.500000
0.200000 0.186931  0.806578 0.500000
0.210000 0.194902  0.787485 0.500000
0.220000 0.202678  0.767605 0.500000
0.230000 0.210251  0.746956 0.500000
0.240000 0.217615  0.725561 0.500000
0.250000 0.224760  0.703441 0.500000
0.260000 0.231681  0.680617 0.500000
0.270000 0.238370  0.657112 0.500000
0.280000 0.244821  0.632951 0.500000
0.290000 0.251027  0.608156 0.500000
0.300000 0.256982  0.582754 0.500000
0.310000 0.262680  0.556768 0.500000
0.320000 0.268116  0.530226 0.500000
0.330000 0.273283  0.503154 0.500000
0.340000 0.278177  0.475579 0.500000
0.350000 0.282793  0.447528 0.500000
0.360000 0.287126  0.419030 0.500000
0.370000 0.291172  0.390112 0.500000
0.380000 0.294927  0.360805 0.500000
0.390000 0.298387  0.331137 0.500000
0.400000 0.301549  0.301137 0.500000
0.410000 0.304409  0.270837 0.500000
0.420000 0.306965  0.240266 0.500000
0.430000 0.309213  0.209454 0.500000
0.440000 0.311153  0.178433 0.500000
0.450000 0.312781  0.147234 0.500000
0.460000 0.314097  0.115888 0.500000
0.470000 0.315099  0.084425 0.500000
0.480000 0.315785  0.052878 0.500000
0.490000 0.316156  0.021279 0.500000
0.500000 0.316211  -0.010342 0.500000
0.510000 0.315949  -0.041953 0.500000
0.520000 0.315372  -0.073522 0.500000
0.530000 0.314479  -0.105017 0.500000
0.540000 0.313272  -0.136407 0.500000
0.550000 0.311751  -0.167661 0.500000
0.560000 0.309919  -0.198747 0.500000
0.570000 0.307777  -0.229634 0.500000
0.580000 0.305327  -0.260292 0.500000
0.590000 0.302572  -0.290690 0.500000
0.600000 0.299515  -0.320796 0.500000
0.610000 0.296157  -0.350583 0.500000
0.620000 0.292504  -0.380018 0.500000
0.630000 0.288558  -0.409074 0.500000
0.640000 0.284324  -0.437720 0.500000
0.650000 0.279805  -0.465929 0.500000
0.660000 0.275007  -0.493672 0.500000
0.670000 0.269934  -0.520921 0.500000
0.680000 0.264590  -0.547650 0.500000
0.690000 0.258982  -0.573830 0.500000
0.700000 0.253116  -0.599437 0.500000
0.710000 0.246996  -0.624445 0.500000
0.720000 0.240629  -0.648828 0.500000
0.730000 0.234021  -0.672563 0.500000
0.740000 0.227180  -0.695625 0.500000
0.750000 0.220111  -0.717991 0.500000
0.760000 0.212822  -0.739640 0.500000
0.770000 0.205321  -0.760548 0.500000
0.780000 0.197614  -0.780697 0.500000
0.790000 0.189709  -0.800065 0.500000
0.800000 0.181615  -0.818632 0.500000
0.810000 0.173339  -0.836382 0.500000
0.820000 0.164890  -0.853295 0.500000
0.830000 0.156276  -0.869354 0.500000
0.840000 0.147506  -0.884545 0.500000
0.850000 0.138588  -0.898851 0.500000
0.860000 0.129532  -0.912258 0.500000
0.870000 0.120346  -0.924753 0.500000
0.880000 0.111040  -0.936323 0.500000
0.890000 0.101623  -0.946957 0.500000
0.900000 0.092104  -0.956644 0.500000
0.910000 0.082493  -0.965375 0.500000
0.920000 0.072800  -0.973140 0.500000
0.930000 0.063034  -0.979932 0.500000
0.940000 0.053205  -0.985745 0.500000
0.950000 0.043322  -0.990572 0.500000
0.960000 0.033396  -0.994408 0.500000
0.970000 0.023437  -0.997250 0.500000
0.980000 0.013455  -0.999094 0.500000
0.990000 0.003459  -0.999940 0.500000
1.000000 -0.006541  -0.999786 0.500000
1.010000 -0.016534  -0.998632 0.500000
1.020000 -0.026510  -0.996480 0.500000
1.030000 -0.036460  -0.993331 0.500000
1.040000 -0.046373  -0.989189 0.500000
1.050000 -0.056240  -0.984058 0.500000
1.060000 -0.066051  -0.977943 0.500000
1.070000 -0.075796  -0.970850 0.500000
1.080000 -0.085465  -0.962786 0.500000
1.090000 -0.095049  -0.953760 0.500000
1.100000 -0.104537  -0.943780 0.500000
1.110000 -0.113921  -0.932856 0.500000
1.120000 -0.123191  -0.920999 0.500000
1.130000 -0.132338  -0.908222 0.500000
1.140000 -0.141352  -0.894536 0.500000
1.150000 -0.150226  -0.879956 0.500000
1.160000 -0.158949  -0.864496 0.500000
1.170000 -0.167513  -0.848172 0.500000
1.180000 -0.175909  -0.830999 0.500000
1.190000 -0.184130  -0.812996 0.500000
1.200000 -0.192166  -0.794179 0.500000
1.210000 -0.200011  -0.774569 0.500000
1.220000 -0.207655  -0.754184 0.500000
1.230000 -0.215092  -0.733045 0.500000
1.240000 -0.222314  -0.711173 0.500000
1.250000 -0.229313  -0.688589 0.500000
1.260000 -0.236083  -0.665318 0.500000
1.270000 -0.242617  -0.641381 0.500000
1.280000 -0.248909  -0.616802 0.500000
1.290000 -0.254951  -0.591607 0.500000
1.300000 -0.260739  -0.565820 0.500000
1.310000 -0.266266  -0.539468 0.500000
1.320000 -0.271526  -0.512576 0.500000
1.330000 -0.276516  -0.485172 0.500000
1.340000 -0.281228  -0.457282 0.500000
1.350000 -0.285660  -0.428936 0.500000
1.360000 -0.289805  -0.400160 0.500000
1.370000 -0.293661  -0.370984 0.500000
1.380000 -0.297224  -0.341437 0.500000
1.390000 -0.300489  -0.311549 0.500000
1.400000 -0.303454  -0.281350 0.500000
1.410000 -0.306115  -0.250869 0.500000
1.420000 -0.308470  -0.220137 0.500000
1.430000 -0.310517  -0.189185 0.500000
1.440000 -0.312253  -0.158044 0.500000
1.450000 -0.313678  -0.126745 0.500000
1.460000 -0.314788  -0.095319 0.500000
1.470000 -0.315584  -0.063797 0.500000
1.480000 -0.316064  -0.032212 0.500000
1.490000 -0.316228  -0.000595 0.500000
1.500000 -0.316076  0.031023 0.500000
1.510000 -0.315607  0.062609 0.500000
1.520000 -0.314824  0.094133 0.500000
1.530000 -0.313725  0.125564 0.500000
1.540000 -0.312313  0.156868 0.500000
1.550000 -0.310588  0.188016 0.500000
1.560000 -0.308553  0.218975 0.500000
1.570000 -0.306209  0.249716 0.500000
1.580000 -0.303560  0.280207 0.500000
1.590000 -0.300606  0.310418 0.500000
1.600000 -0.297352  0.340318 0.500000
1.610000 -0.293801  0.369878 0.500000
1.620000 -0.289956  0.399069 0.500000
1.630000 -0.285821  0.427860 0.500000
1.640000 -0.281400  0.456223 0.500000
1.650000 -0.276698  0.484130 0.500000
1.660000 -0.271719  0.511554 0.500000
1.670000 -0.266469  0.538465 0.500000
1.680000 -0.260952  0.564838 0.500000
1.690000 -0.255174  0.590647 0.500000
1.700000 -0.249141  0.615865 0.500000
1.710000 -0.242858  0.640467 0.500000
1.720000 -0.236333  0.664428 0.500000
1.730000 -0.229572  0.687726 0.500000
1.740000 -0.222581  0.710335 0.500000
1.750000 -0.215368  0.732234 0.500000
1.760000 -0.207939  0.753401 0.500000
1.770000 -0.200302  0.773815 0.500000
1.780000 -0.192465  0.793455 0.500000
1.790000 -0.184436  0.812302 0.500000
1.800000 -0.176222  0.830336 0.500000
1.810000 -0.167832  0.847540 0.500000
1.820000 -0.159274  0.863897 0.500000
1.830000 -0.150557  0.879390 0.500000
1.840000 -0.141689  0.894003 0.500000
1.850000 -0.132680  0.907723 0.500000
1.860000 -0.123538  0.920535 0.500000
1.870000 -0.114272  0.932426 0.500000
1.880000 -0.104892  0.943385 0.500000
1.890000 -0.095408  0.953401 0.500000
1.900000 -0.085827  0.962464 0.500000
1.910000 -0.076161  0.970564 0.500000
1.920000 -0.066419  0.977694 0.500000
1.930000 -0.056611  0.983846 0.500000
1.940000 -0.046746  0.989014 0.500000
1.950000 -0.036834  0.993193 0.500000
1.960000 -0.026885  0.996379 0.500000
1.970000 -0.016910  0.998569 0.500000
1.980000 -0.006917  0.999761 0.500000
1.990000 0.003082  0.999952 0.500000
2.000000 0.013079  0.999144 0.500000
2.010000 0.023062  0.997337 0.500000
2.020000 0.033022  0.994533 0.500000
2.030000 0.042949  0.990734 0.500000
2.040000 0.052833  0.985944 0.500000
2.050000 0.062665  0.980169 0.500000
2.060000 0.072434  0.973414 0.500000
2.070000 0.082130  0.965685 0.500000
2.080000 0.091744  0.956990 0.500000
2.090000 0.101266  0.947339 0.500000
2.100000 0.110688  0.936740 0.500000
2.110000 0.119998  0.925205 0.500000
2.120000 0.129189  0.912745 0.500000
2.130000 0.138250  0.899372 0.500000
2.140000 0.147173  0.885099 0.500000
2.150000 0.155949  0.869942 0.500000
2.160000 0.164569  0.853915 0.500000
2.170000 0.173024  0.837034 0.500000
2.180000 0.181307  0.819316 0.500000
2.190000 0.189408  0.800778 0.500000
2.200000 0.197320  0.781440 0.500000
2.210000 0.205034  0.761321 0.500000
2.220000 0.212544  0.740440 0.500000
2.230000 0.219841  0.718819 0.500000
2.240000 0.226918  0.696480 0.500000
2.250000 0.233768  0.673443 0.500000
2.260000 0.240384  0.649734 0.500000
2.270000 0.246760  0.625374 0.500000
2.280000 0.252890  0.600390 0.500000
2.290000 0.258766  0.574805 0.500000
2.300000 0.264384  0.548645 0.500000
2.310000 0.269737  0.521937 0.500000
2.320000 0.274821  0.494707 0.500000
2.330000 0.279630  0.466982 0.500000
2.340000 0.284159  0.438790 0.500000
2.350000 0.288404  0.410160 0.500000
2.360000 0.292361  0.381119 0.500000
2.370000 0.296025  0.351697 0.500000
2.380000 0.299394  0.321924 0.500000
2.390000 0.302463  0.291829 0.500000
2.400000 0.305229  0.261441 0.500000
2.410000 0.307691  0.230793 0.500000
2.420000 0.309844  0.199914 0.500000
2.430000 0.311688  0.168834 0.500000
2.440000 0.313220  0.137586 0.500000
2.450000 0.314439  0.106201 0.500000
2.460000 0.315344  0.074709 0.500000
2.470000 0.315933  0.043142 0.500000
2.480000 0.316207  0.011533 0.500000
2.490000 0.316164  -0.020088 0.500000
2.500000 0.315805  -0.051689 0.500000
2.510000 0.315130  -0.083239 0.500000
2.520000 0.314141  -0.114705 0.500000
2.530000 0.312837  -0.146057 0.500000
2.540000 0.311220  -0.177262 0.500000
2.550000 0.309292  -0.208290 0.500000
2.560000 0.307055  -0.239110 0.500000
2.570000 0.304511  -0.269691 0.500000
2.580000 0.301662  -0.300002 0.500000
2.590000 0.298512  -0.330013 0.500000
2.600000 0.295063  -0.359694 0.500000
2.610000 0.291319  -0.389016 0.500000
2.620000 0.287284  -0.417948 0.500000
2.630000 0.282961  -0.446463 0.500000
2.640000 0.278356  -0.474531 0.500000
2.650000 0.273472  -0.502125 0.500000
2.660000 0.268315  -0.529217 0.500000
2.670000 0.262890  -0.555779 0.500000
2.680000 0.257201  -0.581786 0.500000
2.690000 0.251256  -0.607211 0.500000
2.700000 0.245059  -0.632029 0.500000
2.710000 0.238617  -0.656214 0.500000
2.720000 0.231937  -0.679744 0.500000
2.730000 0.225025  -0.702594 0.500000
2.740000 0.217888  -0.724742 0.500000
2.750000 0.210532  -0.746164 0.500000
2.760000 0.202967  -0.766841 0.500000
2.770000 0.195198  -0.786751 0.500000
2.780000 0.187234  -0.805874 0.500000
2.790000 0.179083  -0.824191 0.500000
2.800000 0.170753  -0.841685 0.500000
2.810000 0.162252  -0.858336 0.500000
2.820000 0.153589  -0.874130 0.500000
2.830000 0.144773  -0.889049 0.500000
2.840000 0.135811  -0.903080 0.500000
2.850000 0.126714  -0.916207 0.500000
2.860000 0.117490  -0.928418 0.500000
2.870000 0.108149  -0.939701 0.500000
2.880000 0.098699  -0.950044 0.500000
2.890000 0.089151  -0.959438 0.500000
2.900000 0.079514  -0.967872 0.500000
2.910000 0.069797  -0.975338 0.500000
2.920000 0.060010  -0.981829 0.500000
2.930000 0.050164  -0.987338 0.500000
2.940000 0.040267  -0.991860 0.500000
2.950000 0.030330  -0.995390 0.500000
2.960000 0.020362  -0.997925 0.500000
2.970000 0.010375  -0.999462 0.500000
2.980000 0.000376  -0.999999 0.500000
2.990000 -0.009622  -0.999537 0.500000
3.000000 -0.019611  -0.998075 0.500000
3.010000 -0.029580  -0.995615 0.500000
3.020000 -0.039520  -0.992160 0.500000
3.030000 -0.049420  -0.987713 0.500000
3.040000 -0.059271  -0.982278 0.500000
3.050000 -0.069062  -0.975861 0.500000
3.060000 -0.078785  -0.968468 0.500000
3.070000 -0.088429  -0.960106 0.500000
3.080000 -0.097984  -0.950785 0.500000
3.090000 -0.107441  -0.940513 0.500000
3.100000 -0.116791  -0.929300 0.500000
3.110000 -0.126024  -0.917158 0.500000
3.120000 -0.135131  -0.904100 0.500000
3.130000 -0.144103  -0.890137 0.500000
3.140000 -0.152931  -0.875284 0.500000
3.150000 -0.161606  -0.859556 0.500000
3.160000 -0.170119  -0.842968 0.500000
3.170000 -0.178462  -0.825538 0.500000
3.180000 -0.186627  -0.807282 0.500000
3.190000 -0.194605  -0.788218 0.500000
3.200000 -0.202389  -0.768367 0.500000
3.210000 -0.209970  -0.747747 0.500000
3.220000 -0.217341  -0.726380 0.500000
3.230000 -0.224495  -0.704286 0.500000
3.240000 -0.231425  -0.681489 0.500000
3.250000 -0.238123  -0.658009 0.500000
3.260000 -0.244583  -0.633872 0.500000
3.270000 -0.250798  -0.609101 0.500000
3.280000 -0.256763  -0.583721 0.500000
3.290000 -0.262470  -0.557757 0.500000
3.300000 -0.267916  -0.531235 0.500000
3.310000 -0.273093  -0.504183 0.500000
3.320000 -0.277998  -0.476626 0.500000
3.330000 -0.282624  -0.448592 0.500000
3.340000 -0.286968  -0.420110 0.500000
3.350000 -0.291025  -0.391208 0.500000
3.360000 -0.294791  -0.361915 0.500000
3.370000 -0.298262  -0.332260 0.500000
3.380000 -0.301435  -0.302273 0.500000
3.390000 -0.304307  -0.271983 0.500000
3.400000 -0.306874  -0.241421 0.500000
3.410000 -0.309134  -0.210618 0.500000
3.420000 -0.311086  -0.179605 0.500000
3.430000 -0.312726  -0.148412 0.500000
3.440000 -0.314053  -0.117070 0.500000
3.450000 -0.315067  -0.085611 0.500000
3.460000 -0.315765  -0.054067 0.500000
3.470000 -0.316148  -0.022469 0.500000
3.480000 -0.316215  0.009152 0.500000
3.490000 -0.315965  0.040763 0.500000
3.500000 -0.315399  0.072334 0.500000
3.510000 -0.314518  0.103833 0.500000
3.520000 -0.313323  0.135228 0.500000
3.530000 -0.311814  0.166487 0.500000
3.540000 -0.309994  0.197580 0.500000
3.550000 -0.307863  0.228475 0.500000
3.560000 -0.305425  0.259142 0.500000
3.570000 -0.302681  0.289550 0.500000
3.580000 -0.299635  0.319669 0.500000
3.590000 -0.296289  0.349467 0.500000
3.600000 -0.292647  0.378917 0.500000
3.610000 -0.288712  0.407987 0.500000
3.620000 -0.284489  0.436649 0.500000
3.630000 -0.279981  0.464875 0.500000
3.640000 -0.275193  0.492636 0.500000
3.650000 -0.270129  0.519905 0.500000
3.660000 -0.264796  0.546653 0.500000
3.670000 -0.259198  0.572855 0.500000
3.680000 -0.253341  0.598484 0.500000
3.690000 -0.247231  0.623515 0.500000
3.700000 -0.240873  0.647922 0.500000
3.710000 -0.234274  0.671681 0.500000
3.720000 -0.227441  0.694769 0.500000
3.730000 -0.220381  0.717162 0.500000
3.740000 -0.213101  0.738838 0.500000
3.750000 -0.205607  0.759775 0.500000
3.760000 -0.197908  0.779952 0.500000
3.770000 -0.190010  0.799350 0.500000
3.780000 -0.181923  0.817948 0.500000
3.790000 -0.173654  0.835728 0.500000
3.800000 -0.165212  0.852673 0.500000
3.810000 -0.156604  0.868765 0.500000
3.820000 -0.147839  0.883989 0.500000
3.830000 -0.138927  0.898328 0.500000
3.840000 -0.129876  0.911769 0.500000
3.850000 -0.120694  0.924299 0.500000
3.860000 -0.111393  0.935904 0.500000
3.870000 -0.101979  0.946574 0.500000
3.880000 -0.092464  0.956297 0.500000
3.890000 -0.082857  0.965064 0.500000
3.900000 -0.073166  0.972865 0.500000
3.910000 -0.063403  0.979694 0.500000
3.920000 -0.053576  0.985544 0.500000
3.930000 -0.043695  0.990408 0.500000
3.940000 -0.033771  0.994281 0.500000
3.950000 -0.023813  0.997161 0.500000
3.960000 -0.013831  0.999043 0.500000
3.970000 -0.003835  0.999926 0.500000
3.980000 0.006164  0.999810 0.500000
3.990000 0.016158  0.998694 0.500000
4.000000 0.026135  0.996579 0.500000
4.010000 0.036086  0.993468 0.500000
4.020000 0.046001  0.989363 0.500000
4.030000 0.055870  0.984269 0.500000
4.040000 0.065683  0.978191 0.500000
4.050000 0.075430  0.971135 0.500000
4.060000 0.085102  0.963107 0.500000
4.070000 0.094689  0.954117 0.500000
4.080000 0.104182  0.944173 0.500000
4.090000 0.113570  0.933284 0.500000
4.100000 0.122844  0.921462 0.500000
4.110000 0.131996  0.908719 0.500000
4.120000 0.141016  0.895068 0.500000
4.130000 0.149894  0.880521 0.500000
4.140000 0.158623  0.865094 0.500000
4.150000 0.167193  0.848802 0.500000
4.160000 0.175596  0.831661 0.500000
4.170000 0.183824  0.813688 0.500000
4.180000 0.191867  0.794902 0.500000
4.190000 0.199719  0.775321 0.500000
4.200000 0.207371  0.754965 0.500000
4.210000 0.214816  0.733854 0.500000
4.220000 0.222046  0.712009 0.500000
4.230000 0.229054  0.689452 0.500000
4.240000 0.235832  0.666206 0.500000
4.250000 0.242376  0.642294 0.500000
4.260000 0.248676  0.617739 0.500000
4.270000 0.254728  0.592567 0.500000
4.280000 0.260526  0.566802 0.500000
4.290000 0.266062  0.540470 0.500000
4.300000 0.271333  0.513598 0.500000
4.310000 0.276333  0.486213 0.500000
4.320000 0.281056  0.458341 0.500000
4.330000 0.285498  0.430011 0.500000
4.340000 0.289655  0.401251 0.500000
4.350000 0.293522  0.372089 0.500000
4.360000 0.297095  0.342556 0.500000
4.370000 0.300372  0.312680 0.500000
4.380000 0.303348  0.282492 0.500000
4.390000 0.306020  0.252021 0.500000
4.400000 0.308387  0.221298 0.500000
4.410000 0.310446  0.190354 0.500000
4.420000 0.312194  0.159219 0.500000
4.430000 0.313630  0.127925 0.500000
4.440000 0.314752  0.096504 0.500000
4.450000 0.315559  0.064986 0.500000
4.460000 0.316051  0.033402 0.500000
4.470000 0.316227  0.001786 0.500000
4.480000 0.316087  -0.029833 0.500000
4.490000 0.315631  -0.061421 0.500000
4.500000 0.314859  -0.092948 0.500000
4.510000 0.313772  -0.124382 0.500000
4.520000 0.312372  -0.155692 0.500000
4.530000 0.310659  -0.186846 0.500000
4.540000 0.308635  -0.217814 0.500000
4.550000 0.306303  -0.248563 0.500000
4.560000 0.303665  -0.279064 0.500000
4.570000 0.300723  -0.309286 0.500000
4.580000 0.297480  -0.339198 0.500000
4.590000 0.293940  -0.368772 0.500000
4.600000 0.290106  -0.397977 0.500000
4.610000 0.285982  -0.426783 0.500000
4.620000 0.281572  -0.455164 0.500000
4.630000 0.276880  -0.483088 0.500000
4.640000 0.271912  -0.510530 0.500000
4.650000 0.266671  -0.537462 0.500000
4.660000 0.261164  -0.563856 0.500000
4.670000 0.255396  -0.589686 0.500000
4.680000 0.249372  -0.614926 0.500000
4.690000 0.243099  -0.639552 0.500000
4.700000 0.236583  -0.663538 0.500000
4.710000 0.229831  -0.686861 0.500000
4.720000 0.222849  -0.709497 0.500000
4.730000 0.215643  -0.731423 0.500000
4.740000 0.208222  -0.752618 0.500000
4.750000 0.200593  -0.773061 0.500000
4.760000 0.192764  -0.792730 0.500000
4.770000 0.184741  -0.811607 0.500000
4.780000 0.176534  -0.829672 0.500000
4.790000 0.168151  -0.846908 0.500000
4.800000 0.159599  -0.863297 0.500000
4.810000 0.150888  -0.878822 0.500000
4.820000 0.142026  -0.893469 0.500000
4.830000 0.133021  -0.907223 0.500000
4.840000 0.123884  -0.920069 0.500000
4.850000 0.114623  -0.931995 0.500000
4.860000 0.105247  -0.942990 0.500000
4.870000 0.095766  -0.953041 0.500000
4.880000 0.086190  -0.962140 0.500000
4.890000 0.076527  -0.970277 0.500000
4.900000 0.066787  -0.977443 0.500000
4.910000 0.056981  -0.983632 0.500000
4.920000 0.047118  -0.988837 0.500000
4.930000 0.037208  -0.993054 0.500000
4.940000 0.027260  -0.996277 0.500000
4.950000 0.017286  -0.998505 0.500000
4.960000 0.007293  -0.999734 0.500000
4.970000 -0.002706  -0.999963 0.500000
4.980000 -0.012702  -0.999193 0.500000
4.990000 -0.022686  -0.997423 0.500000
5.000000 -0.032648  -0.994656 0.500000
5.010000 -0.042576  -0.990895 0.500000
5.020000 -0.052462  -0.986143 0.500000
5.030000 -0.062296  -0.980404 0.500000
5.040000 -0.072067  -0.973686 0.500000
5.050000 -0.081766  -0.965993 0.500000
5.060000 -0.091384  -0.957335 0.500000
5.070000 -0.100910  -0.947720 0.500000
5.080000 -0.110335  -0.937156 0.500000
5.090000 -0.119650  -0.925656 0.500000
5.100000 -0.128845  -0.913230 0.500000
5.110000 -0.137911  -0.899892 0.500000
5.120000 -0.146840  -0.885653 0.500000
5.130000 -0.155621  -0.870528 0.500000
5.140000 -0.164247  -0.854534 0.500000
5.150000 -0.172709  -0.837684 0.500000
5.160000 -0.180998  -0.819998 0.500000
5.170000 -0.189106  -0.801491 0.500000
5.180000 -0.197025  -0.782183 0.500000
5.190000 -0.204747  -0.762092 0.500000
5.200000 -0.212265  -0.741240 0.500000
5.210000 -0.219570  -0.719646 0.500000
5.220000 -0.226655  -0.697333 0.500000
5.230000 -0.233514  -0.674323 0.500000
5.240000 -0.240140  -0.650638 0.500000
5.250000 -0.246525  -0.626303 0.500000
5.260000 -0.252663  -0.601342 0.500000
5.270000 -0.258550  -0.575779 0.500000
5.280000 -0.264177  -0.549640 0.500000
5.290000 -0.269541  -0.522952 0.500000
5.300000 -0.274634  -0.495741 0.500000
5.310000 -0.279454  -0.468034 0.500000
5.320000 -0.283994  -0.439860 0.500000
5.330000 -0.288249  -0.411245 0.500000
5.340000 -0.292217  -0.382219 0.500000
5.350000 -0.295893  -0.352811 0.500000
5.360000 -0.299272  -0.323051 0.500000
5.370000 -0.302352  -0.292967 0.500000
5.380000 -0.305131  -0.262590 0.500000
5.390000 -0.307603  -0.231951 0.500000
5.400000 -0.309769  -0.201080 0.500000
5.410000 -0.311624  -0.170008 0.500000
5.420000 -0.313168  -0.138765 0.500000
5.430000 -0.314399  -0.107384 0.500000
5.440000 -0.315316  -0.075896 0.500000
5.450000 -0.315917  -0.044332 0.500000
5.460000 -0.316202  -0.012723 0.500000
5.470000 -0.316171  0.018898 0.500000
5.480000 -0.315824  0.050500 0.500000
5.490000 -0.315161  0.082052 0.500000
5.500000 -0.314183  0.113522 0.500000
5.510000 -0.312891  0.144879 0.500000
5.520000 -0.311286  0.176090 0.500000
5.530000 -0.309370  0.207126 0.500000
5.540000 -0.307145  0.237954 0.500000
5.550000 -0.304612  0.268544 0.500000
5.560000 -0.301775  0.298866 0.500000
5.570000 -0.298636  0.328889 0.500000
5.580000 -0.295198  0.358583 0.500000
5.590000 -0.291465  0.387919 0.500000
5.600000 -0.287441  0.416867 0.500000
5.610000 -0.283129  0.445397 0.500000
5.620000 -0.278534  0.473483 0.500000
5.630000 -0.273661  0.501095 0.500000
5.640000 -0.268514  0.528206 0.500000
5.650000 -0.263099  0.554789 0.500000
5.660000 -0.257420  0.580817 0.500000
5.670000 -0.251484  0.606264 0.500000
5.680000 -0.245297  0.631105 0.500000
5.690000 -0.238864  0.655316 0.500000
5.700000 -0.232193  0.678870 0.500000
5.710000 -0.225289  0.701746 0.500000
5.720000 -0.218160  0.723921 0.500000
5.730000 -0.210813  0.745371 0.500000
5.740000 -0.203255  0.766076 0.500000
5.750000 -0.195494  0.786015 0.500000
5.760000 -0.187538  0.805169 0.500000
5.770000 -0.179393  0.823517 0.500000
5.780000 -0.171070  0.841041 0.500000
5.790000 -0.162575  0.857725 0.500000
5.800000 -0.153918  0.873551 0.500000
5.810000 -0.145107  0.888504 0.500000
5.820000 -0.136151  0.902568 0.500000
5.830000 -0.127059  0.915729 0.500000
5.840000 -0.117840  0.927975 0.500000
5.850000 -0.108503  0.939293 0.500000
5.860000 -0.099057  0.949672 0.500000
5.870000 -0.089512  0.959101 0.500000
5.880000 -0.079878  0.967572 0.500000
5.890000 -0.070164  0.975074 0.500000
5.900000 -0.060380  0.981602 0.500000
5.910000 -0.050535  0.987148 0.500000
5.920000 -0.040640  0.991707 0.500000
5.930000 -0.030705  0.995275 0.500000
5.940000 -0.020738  0.997847 0.500000
5.950000 -0.010751  0.999422 0.500000
5.960000 -0.000753  0.999997 0.500000
5.970000 0.009246  0.999572 0.500000
5.980000 0.019235  0.998148 0.500000
5.990000 0.029205  0.995726 0.500000
6.000000 0.039146  0.992308 0.500000
6.010000 0.049048  0.987898 0.500000
6.020000 0.058901  0.982500 0.500000
6.030000 0.068695  0.976120 0.500000
6.040000 0.078420  0.968764 0.500000
6.050000 0.088067  0.960438 0.500000
6.060000 0.097626  0.951153 0.500000
6.070000 0.107087  0.940917 0.500000
6.080000 0.116441  0.929739 0.500000
6.090000 0.125679  0.917632 0.500000
6.100000 0.134791  0.904608 0.500000
6.110000 0.143768  0.890679 0.500000
6.120000 0.152601  0.875859 0.500000
6.130000 0.161282  0.860164 0.500000
6.140000 0.169802  0.843608 0.500000
6.150000 0.178151  0.826209 0.500000
6.160000 0.186323  0.807984 0.500000
6.170000 0.194308  0.788950 0.500000
6.180000 0.202099  0.769128 0.500000
6.190000 0.209688  0.748537 0.500000
6.200000 0.217068  0.727198 0.500000
6.210000 0.224230  0.705131 0.500000
6.220000 0.231168  0.682359 0.500000
6.230000 0.237875  0.658905 0.500000
6.240000 0.244344  0.634792 0.500000
6.250000 0.250568  0.610045 0.500000
6.260000 0.256543  0.584687 0.500000
6.270000 0.262260  0.558745 0.500000
6.280000 0.267716  0.532244 0.500000
6.290000 0.272903  0.505210 0.500000
6.300000 0.277818  0.477672 0.500000
6.310000 0.282455  0.449656 0.500000
6.320000 0.286810  0.421190 0.500000
6.330000 0.290878  0.392304 0.500000
6.340000 0.294655  0.363025 0.500000
6.350000 0.298137  0.333383 0.500000
6.360000 0.301321  0.303407 0.500000
6.370000 0.304204  0.273128 0.500000
6.380000 0.306783  0.242576 0.500000
6.390000 0.309055  0.211782 0.500000
6.400000 0.311018  0.180776 0.500000
6.410000 0.312670  0.149589 0.500000
6.420000 0.314009  0.118252 0.500000
6.430000 0.315034  0.086798 0.500000
6.440000 0.315745  0.055256 0.500000
6.450000 0.316139  0.023659 0.500000
6.460000 0.316218  -0.007961 0.500000
6.470000 0.315980  -0.039574 0.500000
6.480000 0.315426  -0.071147 0.500000
6.490000 0.314557  -0.102649 0.500000
6.500000 0.313374  -0.134048 0.500000
6.510000 0.311877  -0.165313 0.500000
6.520000 0.310068  -0.196413 0.500000
6.530000 0.307949  -0.227316 0.500000
6.540000 0.305522  -0.257992 0.500000
6.550000 0.302790  -0.288411 0.500000
6.560000 0.299755  -0.318540 0.500000
6.570000 0.296421  -0.348352 0.500000
6.580000 0.292789  -0.377815 0.500000
6.590000 0.288865  -0.406900 0.500000
6.600000 0.284653  -0.435578 0.500000
6.610000 0.280155  -0.463821 0.500000
6.620000 0.275378  -0.491600 0.500000
6.630000 0.270325  -0.518887 0.500000
6.640000 0.265002  -0.545656 0.500000
6.650000 0.259414  -0.571879 0.500000
6.660000 0.253566  -0.597530 0.500000
6.670000 0.247465  -0.622583 0.500000
6.680000 0.241117  -0.647015 0.500000
6.690000 0.234527  -0.670799 0.500000
6.700000 0.227703  -0.693912 0.500000
6.710000 0.220651  -0.716332 0.500000
6.720000 0.213379  -0.738035 0.500000
6.730000 0.205893  -0.759000 0.500000
6.740000 0.198201  -0.779207 0.500000
6.750000 0.190311  -0.798634 0.500000
6.760000 0.182231  -0.817263 0.500000
6.770000 0.173969  -0.835074 0.500000
6.780000 0.165532  -0.852051 0.500000
6.790000 0.156931  -0.868175 0.500000
6.800000 0.148172  -0.883431 0.500000
6.810000 0.139265  -0.897805 0.500000
6.820000 0.130219  -0.911280 0.500000
6.830000 0.121042  -0.923844 0.500000
6.840000 0.111745  -0.935484 0.500000
6.850000 0.102336  -0.946189 0.500000
6.860000 0.092824  -0.955948 0.500000
6.870000 0.083220  -0.964751 0.500000
6.880000 0.073532  -0.972589 0.500000
6.890000 0.063771  -0.979455 0.500000
6.900000 0.053947  -0.985341 0.500000
6.910000 0.044068  -0.990242 0.500000
6.920000 0.034145  -0.994153 0.500000
6.930000 0.024188  -0.997070 0.500000
6.940000 0.014207  -0.998990 0.500000
6.950000 0.004212  -0.999911 0.500000
6.960000 -0.005788  -0.999832 0.500000
6.970000 -0.015782  -0.998754 0.500000
6.980000 -0.025760  -0.996677 0.500000
6.990000 -0.035712  -0.993603 0.500000
7.000000 -0.045628  -0.989535 0.500000
7.010000 -0.055499  -0.984479 0.500000
7.020000 -0.065315  -0.978437 0.500000
7.030000 -0.075065  -0.971418 0.500000
7.040000 -0.084740  -0.963427 0.500000
7.050000 -0.094330  -0.954473 0.500000
7.060000 -0.103826  -0.944564 0.500000
7.070000 -0.113218  -0.933711 0.500000
7.080000 -0.122497  -0.921924 0.500000
7.090000 -0.131654  -0.909216 0.500000
7.100000 -0.140678  -0.895598 0.500000
7.110000 -0.149563  -0.881085 0.500000
7.120000 -0.158297  -0.865690 0.500000
7.130000 -0.166874  -0.849431 0.500000
7.140000 -0.175283  -0.832321 0.500000
7.150000 -0.183517  -0.814380 0.500000
7.160000 -0.191568  -0.795624 0.500000
7.170000 -0.199427  -0.776073 0.500000
7.180000 -0.207087  -0.755745 0.500000
7.190000 -0.214539  -0.734662 0.500000
7.200000 -0.221778  -0.712844 0.500000
7.210000 -0.228794  -0.690314 0.500000
7.220000 -0.235582  -0.667093 0.500000
7.230000 -0.242134  -0.643206 0.500000
7.240000 -0.248443  -0.618675 0.500000
7.250000 -0.254505  -0.593525 0.500000
7.260000 -0.260312  -0.567782 0.500000
7.270000 -0.265859  -0.541471 0.500000
7.280000 -0.271140  -0.514619 0.500000
7.290000 -0.276149  -0.487253 0.500000
7.300000 -0.280883  -0.459399 0.500000
7.310000 -0.285336  -0.431085 0.500000
7.320000 -0.289503  -0.402341 0.500000
7.330000 -0.293381  -0.373194 0.500000
7.340000 -0.296966  -0.343674 0.500000
7.350000 -0.300254  -0.313811 0.500000
7.360000 -0.303241  -0.283634 0.500000
7.370000 -0.305925  -0.253173 0.500000
7.380000 -0.308304  -0.222459 0.500000
7.390000 -0.310374  -0.191522 0.500000
7.400000 -0.312134  -0.160394 0.500000
7.410000 -0.313581  -0.129106 0.500000
7.420000 -0.314715  -0.097689 0.500000
7.430000 -0.315535  -0.066173 0.500000
7.440000 -0.316039  -0.034592 0.500000
7.450000 -0.316226  -0.002976 0.500000
7.460000 -0.316098  0.028643 0.500000
7.470000 -0.315654  0.060233 0.500000
7.480000 -0.314894  0.091763 0.500000
7.490000 -0.313819  0.123201 0.500000
7.500000 -0.312430  0.154516 0.500000
7.510000 -0.310729  0.185677 0.500000
7.520000 -0.308717  0.216651 0.500000
7.530000 -0.306397  0.247410 0.500000
7.540000 -0.303770  0.277921 0.500000
7.550000 -0.300839  0.308153 0.500000
7.560000 -0.297608  0.338078 0.500000
7.570000 -0.294079  0.367665 0.500000
7.580000 -0.290256  0.396884 0.500000
7.590000 -0.286142  0.425707 0.500000
7.600000 -0.281743  0.454103 0.500000
7.610000 -0.277062  0.482046 0.500000
7.620000 -0.272104  0.509506 0.500000
7.630000 -0.266873  0.536457 0.500000
7.640000 -0.261376  0.562872 0.500000
7.650000 -0.255618  0.588724 0.500000
7.660000 -0.249604  0.613987 0.500000
7.670000 -0.243340  0.638636 0.500000
7.680000 -0.236833  0.662647 0.500000
7.690000 -0.230089  0.685995 0.500000
7.700000 -0.223115  0.708657 0.500000
7.710000 -0.215919  0.730611 0.500000
7.720000 -0.208506  0.751834 0.500000
7.730000 -0.200884  0.772305 0.500000
7.740000 -0.193062  0.792004 0.500000
7.750000 -0.185047  0.810911 0.500000
7.760000 -0.176847  0.829007 0.500000
7.770000 -0.168470  0.846274 0.500000
7.780000 -0.159924  0.862695 0.500000
7.790000 -0.151219  0.878254 0.500000
7.800000 -0.142362  0.892934 0.500000
7.810000 -0.133363  0.906721 0.500000
7.820000 -0.124230  0.919602 0.500000
7.830000 -0.114974  0.931563 0.500000
7.840000 -0.105602  0.942593 0.500000
7.850000 -0.096125  0.952680 0.500000
7.860000 -0.086552  0.961815 0.500000
7.870000 -0.076892  0.969988 0.500000
7.880000 -0.067155  0.977191 0.500000
7.890000 -0.057351  0.983417 0.500000
7.900000 -0.047490  0.988659 0.500000
7.910000 -0.037582  0.992913 0.500000
7.920000 -0.027635  0.996174 0.500000
7.930000 -0.017661  0.998439 0.500000
7.940000 -0.007670  0.999706 0.500000
7.950000 0.002329  0.999973 0.500000
7.960000 0.012326  0.999240 0.500000
7.970000 0.022311  0.997508 0.500000
7.980000 0.032273  0.994779 0.500000
7.990000 0.042203  0.991054 0.500000
8.000000 0.052091  0.986339 0.500000
8.010000 0.061927  0.980638 0.500000
8.020000 0.071700  0.973956 0.500000
8.030000 0.081402  0.966300 0.500000
8.040000 0.091023  0.957678 0.500000
8.050000 0.100553  0.948099 0.500000
8.060000 0.109982  0.937571 0.500000
8.070000 0.119301  0.926106 0.500000
8.080000 0.128501  0.913715 0.500000
8.090000 0.137572  0.900410 0.500000
8.100000 0.146506  0.886205 0.500000
8.110000 0.155294  0.871114 0.500000
8.120000 0.163926  0.855151 0.500000
8.130000 0.172394  0.838334 0.500000
8.140000 0.180689  0.820678 0.500000
8.150000 0.188805  0.802202 0.500000
8.160000 0.196731  0.782924 0.500000
8.170000 0.204460  0.762863 0.500000
8.180000 0.211986  0.742039 0.500000
8.190000 0.219299  0.720473 0.500000
8.200000 0.226393  0.698186 0.500000
8.210000 0.233260  0.675202 0.500000
8.220000 0.239894  0.651542 0.500000
8.230000 0.246289  0.627231 0.500000
8.240000 0.252437  0.602292 0.500000
8.250000 0.258333  0.576752 0.500000
8.260000 0.263970  0.550634 0.500000
8.270000 0.269343  0.523967 0.500000
8.280000 0.274448  0.496775 0.500000
8.290000 0.279277  0.469086 0.500000
8.300000 0.283828  0.440929 0.500000
8.310000 0.288094  0.412330 0.500000
8.320000 0.292073  0.383319 0.500000
8.330000 0.295760  0.353925 0.500000
8.340000 0.299150  0.324177 0.500000
8.350000 0.302242  0.294105 0.500000
8.360000 0.305031  0.263739 0.500000
8.370000 0.307516  0.233109 0.500000
8.380000 0.309693  0.202246 0.500000
8.390000 0.311560  0.171181 0.500000
8.400000 0.313116  0.139944 0.500000
8.410000 0.314359  0.108568 0.500000
8.420000 0.315287  0.077083 0.500000
8.430000 0.315900  0.045521 0.500000
8.440000 0.316197  0.013914 0.500000
8.450000 0.316178  -0.017708 0.500000
8.460000 0.315843  -0.049311 0.500000
8.470000 0.315192  -0.080866 0.500000
8.480000 0.314226  -0.112339 0.500000
8.490000 0.312946  -0.143701 0.500000
8.500000 0.311352  -0.174918 0.500000
8.510000 0.309448  -0.205961 0.500000
8.520000 0.307234  -0.236797 0.500000
8.530000 0.304713  -0.267397 0.500000
8.540000 0.301887  -0.297730 0.500000
8.550000 0.298759  -0.327765 0.500000
8.560000 0.295333  -0.357472 0.500000
8.570000 0.291611  -0.386821 0.500000
8.580000 0.287598  -0.415784 0.500000
8.590000 0.283297  -0.444331 0.500000
8.600000 0.278712  -0.472434 0.500000
8.610000 0.273850  -0.500064 0.500000
8.620000 0.268713  -0.527195 0.500000
8.630000 0.263307  -0.553798 0.500000
8.640000 0.257639  -0.579847 0.500000
8.650000 0.251712  -0.605317 0.500000
8.660000 0.245534  -0.630182 0.500000
8.670000 0.239111  -0.654416 0.500000
8.680000 0.232448  -0.677996 0.500000
8.690000 0.225553  -0.700898 0.500000
8.700000 0.218433  -0.723099 0.500000
8.710000 0.211094  -0.744577 0.500000
8.720000 0.203544  -0.765311 0.500000
8.730000 0.195790  -0.785279 0.500000
8.740000 0.187841  -0.804462 0.500000
8.750000 0.179703  -0.822841 0.500000
8.760000 0.171387  -0.840397 0.500000
8.770000 0.162898  -0.857112 0.500000
8.780000 0.154247  -0.872971 0.500000
8.790000 0.145442  -0.887957 0.500000
8.800000 0.136491  -0.902054 0.500000
8.810000 0.127404  -0.915250 0.500000
8.820000 0.118189  -0.927531 0.500000
8.830000 0.108856  -0.938884 0.500000
8.840000 0.099414  -0.949299 0.500000
8.850000 0.089873  -0.958764 0.500000
8.860000 0.080242  -0.967270 0.500000
8.870000 0.070531  -0.974809 0.500000
8.880000 0.060749  -0.981374 0.500000
8.890000 0.050907  -0.986957 0.500000
8.900000 0.041014  -0.991554 0.500000
8.910000 0.031079  -0.995159 0.500000
8.920000 0.021114  -0.997769 0.500000
8.930000 0.011127  -0.999381 0.500000
8.940000 0.001129  -0.999994 0.500000
8.950000 -0.008869  -0.999607 0.500000
8.960000 -0.018859  -0.998220 0.500000
8.970000 -0.028830  -0.995835 0.500000
8.980000 -0.038773  -0.992455 0.500000
8.990000 -0.048676  -0.988082 0.500000
9.000000 -0.058531  -0.982721 0.500000
9.010000 -0.068327  -0.976378 0.500000
9.020000 -0.078055  -0.969058 0.500000
9.030000 -0.087705  -0.960769 0.500000
9.040000 -0.097268  -0.951520 0.500000
9.050000 -0.106733  -0.941319 0.500000
9.060000 -0.116091  -0.930177 0.500000
9.070000 -0.125333  -0.918105 0.500000
9.080000 -0.134450  -0.905115 0.500000
9.090000 -0.143432  -0.891219 0.500000
9.100000 -0.152271  -0.876433 0.500000
9.110000 -0.160958  -0.860770 0.500000
9.120000 -0.169484  -0.844247 0.500000
9.130000 -0.177840  -0.826879 0.500000
9.140000 -0.186019  -0.808685 0.500000
9.150000 -0.194011  -0.789681 0.500000
9.160000 -0.201810  -0.769889 0.500000
9.170000 -0.209406  -0.749326 0.500000
9.180000 -0.216794  -0.728014 0.500000
9.190000 -0.223964  -0.705975 0.500000
9.200000 -0.230911  -0.683229 0.500000
9.210000 -0.237627  -0.659800 0.500000
9.220000 -0.244105  -0.635712 0.500000
9.230000 -0.250339  -0.610988 0.500000
9.240000 -0.256322  -0.585652 0.500000
9.250000 -0.262050  -0.559732 0.500000
9.260000 -0.267515  -0.533251 0.500000
9.270000 -0.272713  -0.506237 0.500000
9.280000 -0.277638  -0.478718 0.500000
9.290000 -0.282286  -0.450719 0.500000
9.300000 -0.286651  -0.422270 0.500000
9.310000 -0.290730  -0.393398 0.500000
9.320000 -0.294518  -0.364134 0.500000
9.330000 -0.298011  -0.334505 0.500000
9.340000 -0.301207  -0.304541 0.500000
9.350000 -0.304101  -0.274273 0.500000
9.360000 -0.306691  -0.243731 0.500000
9.370000 -0.308975  -0.212945 0.500000
9.380000 -0.310949  -0.181947 0.500000
9.390000 -0.312613  -0.150766 0.500000
9.400000 -0.313964  -0.119434 0.500000
9.410000 -0.315001  -0.087984 0.500000
9.420000 -0.315724  -0.056445 0.500000
9.430000 -0.316130  -0.024849 0.500000
9.440000 -0.316221  0.006771 0.500000
9.450000 -0.315995  0.038384 0.500000
9.460000 -0.315453  0.069959 0.500000
9.470000 -0.314596  0.101464 0.500000
9.480000 -0.313424  0.132868 0.500000
9.490000 -0.311939  0.164139 0.500000
9.500000 -0.310142  0.195245 0.500000
9.510000 -0.308035  0.226157 0.500000
9.520000 -0.305619  0.256842 0.500000
9.530000 -0.302899  0.287270 0.500000
9.540000 -0.299875  0.317412 0.500000
9.550000 -0.296551  0.347235 0.500000
9.560000 -0.292931  0.376712 0.500000
9.570000 -0.289018  0.405812 0.500000
9.580000 -0.284817  0.434506 0.500000
9.590000 -0.280330  0.462766 0.500000
9.600000 -0.275563  0.490563 0.500000
9.610000 -0.270520  0.517869 0.500000
9.620000 -0.265207  0.544658 0.500000
9.630000 -0.259629  0.570902 0.500000
9.640000 -0.253791  0.596575 0.500000
9.650000 -0.247699  0.621651 0.500000
9.660000 -0.241360  0.646106 0.500000
9.670000 -0.234779  0.669915 0.500000
9.680000 -0.227964  0.693054 0.500000
9.690000 -0.220921  0.715501 0.500000
9.700000 -0.213656  0.737231 0.500000
9.710000 -0.206178  0.758225 0.500000
9.720000 -0.198494  0.778460 0.500000
9.730000 -0.190612  0.797917 0.500000
9.740000 -0.182539  0.816576 0.500000
9.750000 -0.174283  0.834419 0.500000
9.760000 -0.165853  0.851427 0.500000
9.770000 -0.157257  0.867584 0.500000
9.780000 -0.148504  0.882873 0.500000
9.790000 -0.139603  0.897280 0.500000
9.800000 -0.130562  0.910789 0.500000
9.810000 -0.121390  0.923388 0.500000
9.820000 -0.112097  0.935063 0.500000
9.830000 -0.102692  0.945803 0.500000
9.840000 -0.093184  0.955598 0.500000
9.850000 -0.083583  0.964437 0.500000
9.860000 -0.073899  0.972312 0.500000
9.870000 -0.064140  0.979214 0.500000
9.880000 -0.054318  0.985138 0.500000
9.890000 -0.044441  0.990076 0.500000
9.900000 -0.034519  0.994024 0.500000
9.910000 -0.024563  0.996979 0.500000
9.920000 -0.014583  0.998936 0.500000
9.930000 -0.004588  0.999895 0.500000
9.940000 0.005411  0.999854 0.500000
9.950000 0.015406  0.998813 0.500000
9.960000 0.025384  0.996773 0.500000
9.970000 0.035338  0.993737 0.500000
9.980000 0.045256  0.989707 0.500000
9.990000 0.055129  0.984687 0.500000
10.000000 0.064946  0.978683 0.500000
