0.000000 0.000000  1.000000 0.000000e+00
0.010000 0.010000  0.999500 0.000000e+00
0.020000 0.019990  0.998001 2.777500e-15
0.030000 0.029960  0.995503 1.387084e-14
0.040000 0.039900  0.992010 3.876849e-14
0.050000 0.049800  0.987525 8.287610e-14
0.060000 0.059651  0.982052 1.514840e-13
0.070000 0.069441  0.975598 2.497357e-13
0.080000 0.079163  0.968168 3.825963e-13
0.090000 0.088805  0.959769 5.548232e-13
0.100000 0.098358  0.950411 7.709372e-13
0.110000 0.107813  0.940103 1.035195e-12
0.120000 0.117160  0.928854 1.351563e-12
0.130000 0.126390  0.916677 1.723695e-12
0.140000 0.135493  0.903582 2.154907e-12
0.150000 0.144462  0.889585 2.648158e-12
0.160000 0.153285  0.874697 3.206033e-12
0.170000 0.161956  0.858935 3.830726e-12
0.180000 0.170464  0.842314 4.524024e-12
0.190000 0.178802  0.824851 5.287299e-12
0.200000 0.186961  0.806563 6.121496e-12
0.210000 0.194933  0.787468 7.027130e-12
0.220000 0.202710  0.767586 8.004277e-12
0.230000 0.210285  0.746936 9.052576e-12
0.240000 0.217649  0.725540 1.017123e-11
0.250000 0.224796  0.703417 1.135901e-11
0.260000 0.231717  0.680592 1.261425e-11
0.270000 0.238407  0.657085 1.393488e-11
0.280000 0.244859  0.632922 1.531842e-11
0.290000 0.251066  0.608126 1.676200e-11
0.300000 0.257022  0.582721 1.826235e-11
0.310000 0.262720  0.556734 1.981587e-11
0.320000 0.268156  0.530191 2.141862e-11
0.330000 0.273324  0.503117 2.306631e-11
0.340000 0.278219  0.475539 2.475442e-11
0.350000 0.282835  0.447487 2.647811e-11
0.360000 0.287168  0.418987 2.823233e-11
0.370000 0.291215  0.390067 3.001183e-11
0.380000 0.294970  0.360758 3.181117e-11
0.390000 0.298430  0.331088 3.362479e-11
0.400000 0.301591  0.301087 3.544699e-11
0.410000 0.304452  0.270785 3.727202e-11
0.420000 0.307007  0.240212 3.909409e-11
0.430000 0.309256  0.209399 4.090739e-11
0.440000 0.311195  0.178376 4.270617e-11
0.450000 0.312823  0.147176 4.448473e-11
0.460000 0.314139  0.115827 4.623747e-11
0.470000 0.315140  0.084363 4.795895e-11
0.480000 0.315826  0.052815 4.964387e-11
0.490000 0.316196  0.021214 5.128718e-11
0.500000 0.316250  -0.010408 5.288405e-11
0.510000 0.315988  -0.042020 5.442992e-11
0.520000 0.315410  -0.073590 5.592055e-11
0.530000 0.314516  -0.105086 5.735202e-11
0.540000 0.313308  -0.136478 5.872078e-11
0.550000 0.311787  -0.167732 6.002368e-11
0.560000 0.309953  -0.198819 6.125796e-11
0.570000 0.307810  -0.229707 6.242130e-11
0.580000 0.305359  -0.260366 6.351184e-11
0.590000 0.302603  -0.290764 6.452820e-11
0.600000 0.299544  -0.320871 6.546945e-11
0.610000 0.296185  -0.350658 6.633520e-11
0.620000 0.292531  -0.380094 6.712554e-11
0.630000 0.288584  -0.409149 6.784107e-11
0.640000 0.284348  -0.437796 6.848292e-11
0.650000 0.279828  -0.466005 6.905274e-11
0.660000 0.275028  -0.493747 6.955268e-11
0.670000 0.269953  -0.520996 6.998540e-11
0.680000 0.264608  -0.547725 7.035409e-11
0.690000 0.258998  -0.573905 7.066239e-11
0.700000 0.253130  -0.599511 7.091444e-11
0.710000 0.247008  -0.624518 7.111485e-11
0.720000 0.240639  -0.648900 7.126865e-11
0.730000 0.234030  -0.672634 7.138130e-11
0.740000 0.227187  -0.695695 7.145865e-11
0.750000 0.220116  -0.718060 7.150693e-11
0.760000 0.212825  -0.739707 7.153269e-11
0.770000 0.205322  -0.760614 7.154280e-11
0.780000 0.197613  -0.780761 7.154439e-11
0.790000 0.189707  -0.800127 7.154484e-11
0.800000 0.181611  -0.818693 7.155173e-11
0.810000 0.173333  -0.836440 7.157279e-11
0.820000 0.164882  -0.853351 7.161588e-11
0.830000 0.156266  -0.869408 7.168893e-11
0.840000 0.147494  -0.884596 7.179992e-11
0.850000 0.138574  -0.898900 7.195681e-11
0.860000 0.129516  -0.912304 7.216752e-11
0.870000 0.120328  -0.924796 7.243988e-11
0.880000 0.111020  -0.936364 7.278157e-11
0.890000 0.101601  -0.946995 7.320010e-11
0.900000 0.092080  -0.956679 7.370277e-11
0.910000 0.082467  -0.965406 7.429657e-11
0.920000 0.072772  -0.973168 7.498823e-11
0.930000 0.063004  -0.979957 7.578412e-11
0.940000 0.053173  -0.985766 7.669020e-11
0.950000 0.043288  -0.990589 7.771203e-11
0.960000 0.033361  -0.994421 7.885471e-11
0.970000 0.023400  -0.997259 8.012283e-11
0.980000 0.013416  -0.999100 8.152047e-11
0.990000 0.003418  -0.999942 8.305116e-11
1.000000 -0.006583  -0.999783 8.471783e-11
1.010000 -0.016578  -0.998625 8.652284e-11
1.020000 -0.026556  -0.996469 8.846788e-11
1.030000 -0.036507  -0.993315 9.055405e-11
1.040000 -0.046422  -0.989169 9.278176e-11
1.050000 -0.056290  -0.984033 9.515076e-11
1.060000 -0.066103  -0.977914 9.766013e-11
1.070000 -0.075849  -0.970816 1.003083e-10
1.080000 -0.085519  -0.962748 1.030929e-10
1.090000 -0.095104  -0.953717 1.060110e-10
1.100000 -0.104593  -0.943732 1.090591e-10
1.110000 -0.113978  -0.932803 1.122328e-10
1.120000 -0.123249  -0.920942 1.155271e-10
1.130000 -0.132397  -0.908159 1.189366e-10
1.140000 -0.141413  -0.894469 1.224550e-10
1.150000 -0.150287  -0.879884 1.260756e-10
1.160000 -0.159010  -0.864419 1.297910e-10
1.170000 -0.167575  -0.848090 1.335935e-10
1.180000 -0.175972  -0.830913 1.374747e-10
1.190000 -0.184193  -0.812904 1.414258e-10
1.200000 -0.192230  -0.794083 1.454376e-10
1.210000 -0.200075  -0.774468 1.495006e-10
1.220000 -0.207720  -0.754078 1.536048e-10
1.230000 -0.215156  -0.732934 1.577400e-10
1.240000 -0.222378  -0.711058 1.618959e-10
1.250000 -0.229378  -0.688470 1.660618e-10
1.260000 -0.236148  -0.665194 1.702271e-10
1.270000 -0.242681  -0.641252 1.743809e-10
1.280000 -0.248973  -0.616669 1.785125e-10
1.290000 -0.255015  -0.591470 1.826110e-10
1.300000 -0.260802  -0.565679 1.866659e-10
1.310000 -0.266328  -0.539323 1.906665e-10
1.320000 -0.271588  -0.512427 1.946026e-10
1.330000 -0.276577  -0.485019 1.984642e-10
1.340000 -0.281289  -0.457125 2.022415e-10
1.350000 -0.285719  -0.428775 2.059252e-10
1.360000 -0.289864  -0.399996 2.095063e-10
1.370000 -0.293719  -0.370817 2.129766e-10
1.380000 -0.297281  -0.341267 2.163281e-10
1.390000 -0.300545  -0.311375 2.195534e-10
1.400000 -0.303508  -0.281173 2.226461e-10
1.410000 -0.306168  -0.250689 2.255999e-10
1.420000 -0.308522  -0.219954 2.284098e-10
1.430000 -0.310567  -0.189000 2.310712e-10
1.440000 -0.312302  -0.157856 2.335803e-10
1.450000 -0.313724  -0.126555 2.359344e-10
1.460000 -0.314833  -0.095127 2.381312e-10
1.470000 -0.315627  -0.063604 2.401697e-10
1.480000 -0.316105  -0.032018 2.420496e-10
1.490000 -0.316267  -0.000399 2.437716e-10
1.500000 -0.316113  0.031220 2.453371e-10
1.510000 -0.315643  0.062808 2.467487e-10
1.520000 -0.314857  0.094333 2.480098e-10
1.530000 -0.313756  0.125764 2.491248e-10
1.540000 -0.312342  0.157068 2.500988e-10
1.550000 -0.310615  0.188216 2.509382e-10
1.560000 -0.308577  0.219176 2.516500e-10
1.570000 -0.306231  0.249916 2.522421e-10
1.580000 -0.303579  0.280407 2.527233e-10
1.590000 -0.300623  0.310617 2.531033e-10
1.600000 -0.297367  0.340516 2.533925e-10
1.610000 -0.293813  0.370075 2.536021e-10
1.620000 -0.289965  0.399264 2.537439e-10
1.630000 -0.285828  0.428054 2.538304e-10
1.640000 -0.281404  0.456416 2.538748e-10
1.650000 -0.276699  0.484321 2.538907e-10
1.660000 -0.271718  0.511742 2.538924e-10
1.670000 -0.266464  0.538651 2.538944e-10
1.680000 -0.260945  0.565021 2.539118e-10
1.690000 -0.255164  0.590827 2.539598e-10
1.700000 -0.249128  0.616041 2.540540e-10
1.710000 -0.242843  0.640640 2.542100e-10
1.720000 -0.236315  0.664598 2.544437e-10
1.730000 -0.229551  0.687891 2.547709e-10
1.740000 -0.222558  0.710496 2.552073e-10
1.750000 -0.215341  0.732391 2.557685e-10
1.760000 -0.207910  0.753554 2.564699e-10
1.770000 -0.200270  0.773963 2.573267e-10
1.780000 -0.192430  0.793598 2.583536e-10
1.790000 -0.184398  0.812439 2.595649e-10
1.800000 -0.176182  0.830468 2.609745e-10
1.810000 -0.167789  0.847667 2.625957e-10
1.820000 -0.159228  0.864018 2.644409e-10
1.830000 -0.150509  0.879505 2.665220e-10
1.840000 -0.141638  0.894112 2.688501e-10
1.850000 -0.132626  0.907825 2.714354e-10
1.860000 -0.123482  0.920631 2.742873e-10
1.870000 -0.114214  0.932515 2.774140e-10
1.880000 -0.104831  0.943468 2.808229e-10
1.890000 -0.095344  0.953476 2.845202e-10
1.900000 -0.085762  0.962532 2.885110e-10
1.910000 -0.076094  0.970625 2.927993e-10
1.920000 -0.066349  0.977747 2.973880e-10
1.930000 -0.056539  0.983891 3.022785e-10
1.940000 -0.046672  0.989052 3.074712e-10
1.950000 -0.036758  0.993223 3.129652e-10
1.960000 -0.026807  0.996401 3.187583e-10
1.970000 -0.016830  0.998583 3.248470e-10
1.980000 -0.006835  0.999766 3.312265e-10
1.990000 0.003166  0.999950 3.378908e-10
2.000000 0.013164  0.999133 3.448326e-10
2.010000 0.023148  0.997318 3.520434e-10
2.020000 0.033110  0.994505 3.595135e-10
2.030000 0.043038  0.990698 3.672317e-10
2.040000 0.052924  0.985899 3.751862e-10
2.050000 0.062756  0.980115 3.833635e-10
2.060000 0.072526  0.973351 3.917495e-10
2.070000 0.082223  0.965614 4.003288e-10
2.080000 0.091838  0.956911 4.090851e-10
2.090000 0.101362  0.947251 4.180013e-10
2.100000 0.110783  0.936643 4.270593e-10
2.110000 0.120094  0.925100 4.362405e-10
2.120000 0.129285  0.912631 4.455254e-10
2.130000 0.138347  0.899249 4.548940e-10
2.140000 0.147270  0.884968 4.643258e-10
2.150000 0.156046  0.869802 4.737998e-10
2.160000 0.164666  0.853767 4.832947e-10
2.170000 0.173122  0.836877 4.927890e-10
2.180000 0.181404  0.819151 5.022611e-10
2.190000 0.189505  0.800605 5.116893e-10
2.200000 0.197416  0.781259 5.210520e-10
2.210000 0.205130  0.761132 5.303277e-10
2.220000 0.212639  0.740244 5.394952e-10
2.230000 0.219935  0.718615 5.485337e-10
2.240000 0.227011  0.696268 5.574227e-10
2.250000 0.233860  0.673224 5.661426e-10
2.260000 0.240476  0.649507 5.746742e-10
2.270000 0.246850  0.625141 5.829991e-10
2.280000 0.252978  0.600150 5.910998e-10
2.290000 0.258853  0.574558 5.989597e-10
2.300000 0.264470  0.548392 6.065634e-10
2.310000 0.269821  0.521677 6.138964e-10
2.320000 0.274903  0.494441 6.209456e-10
2.330000 0.279710  0.466710 6.276990e-10
2.340000 0.284237  0.438513 6.341461e-10
2.350000 0.288480  0.409877 6.402778e-10
2.360000 0.292435  0.380831 6.460865e-10
2.370000 0.296097  0.351405 6.515659e-10
2.380000 0.299463  0.321627 6.567117e-10
2.390000 0.302529  0.291527 6.615209e-10
2.400000 0.305293  0.261136 6.659922e-10
2.410000 0.307752  0.230484 6.701262e-10
2.420000 0.309903  0.199601 6.739249e-10
2.430000 0.311744  0.168519 6.773923e-10
2.440000 0.313274  0.137268 6.805340e-10
2.450000 0.314490  0.105880 6.833574e-10
2.460000 0.315391  0.074386 6.858714e-10
2.470000 0.315977  0.042817 6.880868e-10
2.480000 0.316247  0.011206 6.900161e-10
2.490000 0.316201  -0.020416 6.916732e-10
2.500000 0.315839  -0.052018 6.930740e-10
2.510000 0.315161  -0.083568 6.942354e-10
2.520000 0.314168  -0.115035 6.951763e-10
2.530000 0.312860  -0.146386 6.959167e-10
2.540000 0.311240  -0.177591 6.964782e-10
2.550000 0.309308  -0.208619 6.968833e-10
2.560000 0.307068  -0.239438 6.971560e-10
2.570000 0.304520  -0.270017 6.973214e-10
2.580000 0.301667  -0.300326 6.974055e-10
2.590000 0.298513  -0.330335 6.974350e-10
2.600000 0.295061  -0.360014 6.974379e-10
2.610000 0.291313  -0.389333 6.974423e-10
2.620000 0.287274  -0.418262 6.974772e-10
2.630000 0.282948  -0.446773 6.975720e-10
2.640000 0.278338  -0.474837 6.977564e-10
2.650000 0.273451  -0.502427 6.980601e-10
2.660000 0.268290  -0.529514 6.985130e-10
2.670000 0.262861  -0.556071 6.991450e-10
2.680000 0.257169  -0.582073 6.999857e-10
2.690000 0.251219  -0.607492 7.010642e-10
2.700000 0.245019  -0.632304 7.024094e-10
2.710000 0.238573  -0.656484 7.040495e-10
2.720000 0.231889  -0.680007 7.060117e-10
2.730000 0.224973  -0.702850 7.083228e-10
2.740000 0.217832  -0.724990 7.110081e-10
2.750000 0.210473  -0.746405 7.140922e-10
2.760000 0.202904  -0.767074 7.175981e-10
2.770000 0.195132  -0.786976 7.215476e-10
2.780000 0.187164  -0.806091 7.259612e-10
2.790000 0.179010  -0.824400 7.308574e-10
2.800000 0.170676  -0.841884 7.362534e-10
2.810000 0.162172  -0.858526 7.421644e-10
2.820000 0.153506  -0.874310 7.486040e-10
2.830000 0.144686  -0.889220 7.555834e-10
2.840000 0.135721  -0.903240 7.631122e-10
2.850000 0.126621  -0.916357 7.711977e-10
2.860000 0.117394  -0.928558 7.798453e-10
2.870000 0.108050  -0.939830 7.890578e-10
2.880000 0.098598  -0.950163 7.988363e-10
2.890000 0.089047  -0.959545 8.091791e-10
2.900000 0.079407  -0.967968 8.200827e-10
2.910000 0.069687  -0.975422 8.315410e-10
2.920000 0.059898  -0.981902 8.435459e-10
2.930000 0.050049  -0.987399 8.560867e-10
2.940000 0.040150  -0.991909 8.691508e-10
2.950000 0.030211  -0.995427 8.827232e-10
2.960000 0.020242  -0.997950 8.967866e-10
2.970000 0.010252  -0.999474 9.113219e-10
2.980000 0.000252  -1.000000 9.263077e-10
2.990000 -0.009748  -0.999525 9.417207e-10
3.000000 -0.019738  -0.998051 9.575356e-10
3.010000 -0.029709  -0.995578 9.737255e-10
3.020000 -0.039650  -0.992110 9.902614e-10
3.030000 -0.049551  -0.987650 1.007113e-09
3.040000 -0.059403  -0.982203 1.024249e-09
3.050000 -0.069195  -0.975773 1.041635e-09
3.060000 -0.078918  -0.968367 1.059237e-09
3.070000 -0.088562  -0.959993 1.077020e-09
3.080000 -0.098118  -0.950659 1.094947e-09
3.090000 -0.107576  -0.940374 1.112981e-09
3.100000 -0.116926  -0.929149 1.131083e-09
3.110000 -0.126159  -0.916995 1.149214e-09
3.120000 -0.135265  -0.903924 1.167338e-09
3.130000 -0.144237  -0.889949 1.185413e-09
3.140000 -0.153064  -0.875084 1.203401e-09
3.150000 -0.161739  -0.859344 1.221263e-09
3.160000 -0.170251  -0.842744 1.238961e-09
3.170000 -0.178594  -0.825302 1.256457e-09
3.180000 -0.186757  -0.807034 1.273713e-09
3.190000 -0.194734  -0.787960 1.290693e-09
3.200000 -0.202517  -0.768097 1.307361e-09
3.210000 -0.210096  -0.747466 1.323683e-09
3.220000 -0.217466  -0.726088 1.339627e-09
3.230000 -0.224618  -0.703984 1.355160e-09
3.240000 -0.231546  -0.681176 1.370253e-09
3.250000 -0.238242  -0.657687 1.384879e-09
3.260000 -0.244699  -0.633540 1.399010e-09
3.270000 -0.250912  -0.608759 1.412624e-09
3.280000 -0.256874  -0.583370 1.425698e-09
3.290000 -0.262580  -0.557397 1.438213e-09
3.300000 -0.268022  -0.530867 1.450152e-09
3.310000 -0.273197  -0.503806 1.461502e-09
3.320000 -0.278098  -0.476241 1.472249e-09
3.330000 -0.282722  -0.448200 1.482385e-09
3.340000 -0.287062  -0.419711 1.491904e-09
3.350000 -0.291116  -0.390802 1.500802e-09
3.360000 -0.294879  -0.361502 1.509078e-09
3.370000 -0.298346  -0.331841 1.516736e-09
3.380000 -0.301515  -0.301848 1.523779e-09
3.390000 -0.304383  -0.271553 1.530217e-09
3.400000 -0.306946  -0.240987 1.536061e-09
3.410000 -0.309203  -0.210179 1.541324e-09
3.420000 -0.311150  -0.179161 1.546023e-09
3.430000 -0.312786  -0.147965 1.550178e-09
3.440000 -0.314109  -0.116620 1.553812e-09
3.450000 -0.315118  -0.085158 1.556950e-09
3.460000 -0.315812  -0.053612 1.559619e-09
3.470000 -0.316191  -0.022012 1.561851e-09
3.480000 -0.316253  0.009610 1.563678e-09
3.490000 -0.315998  0.041223 1.565135e-09
3.500000 -0.315428  0.072794 1.566260e-09
3.510000 -0.314543  0.104293 1.567092e-09
3.520000 -0.313342  0.135687 1.567673e-09
3.530000 -0.311829  0.166946 1.568045e-09
3.540000 -0.310003  0.198037 1.568254e-09
3.550000 -0.307868  0.228931 1.568346e-09
3.560000 -0.305425  0.259595 1.568368e-09
3.570000 -0.302676  0.290001 1.568368e-09
3.580000 -0.299625  0.320116 1.568396e-09
3.590000 -0.296274  0.349911 1.568501e-09
3.600000 -0.292627  0.379356 1.568734e-09
3.610000 -0.288687  0.408421 1.569146e-09
3.620000 -0.284458  0.437078 1.569787e-09
3.630000 -0.279945  0.465299 1.570708e-09
3.640000 -0.275152  0.493054 1.571958e-09
3.650000 -0.270084  0.520315 1.573587e-09
3.660000 -0.264746  0.547057 1.575643e-09
3.670000 -0.259143  0.573251 1.578174e-09
3.680000 -0.253281  0.598872 1.581226e-09
3.690000 -0.247166  0.623895 1.584844e-09
3.700000 -0.240803  0.648293 1.589070e-09
3.710000 -0.234200  0.672043 1.593946e-09
3.720000 -0.227362  0.695121 1.599510e-09
3.730000 -0.220297  0.717504 1.605799e-09
3.740000 -0.213012  0.739170 1.612848e-09
3.750000 -0.205514  0.760096 1.620689e-09
3.760000 -0.197810  0.780262 1.629349e-09
3.770000 -0.189909  0.799648 1.638856e-09
3.780000 -0.181817  0.818235 1.649232e-09
3.790000 -0.173544  0.836003 1.660497e-09
3.800000 -0.165097  0.852935 1.672667e-09
3.810000 -0.156485  0.869014 1.685755e-09
3.820000 -0.147717  0.884224 1.699771e-09
3.830000 -0.138801  0.898550 1.714721e-09
3.840000 -0.129746  0.911977 1.730608e-09
3.850000 -0.120561  0.924492 1.747429e-09
3.860000 -0.111256  0.936083 1.765180e-09
3.870000 -0.101840  0.946738 1.783853e-09
3.880000 -0.092321  0.956446 1.803435e-09
3.890000 -0.082711  0.965198 1.823909e-09
3.900000 -0.073017  0.972984 1.845257e-09
3.910000 -0.063251  0.979798 1.867456e-09
3.920000 -0.053421  0.985631 1.890477e-09
3.930000 -0.043538  0.990479 1.914291e-09
3.940000 -0.033612  0.994337 1.938865e-09
3.950000 -0.023652  0.997200 1.964162e-09
3.960000 -0.013668  0.999066 1.990141e-09
3.970000 -0.003670  0.999933 2.016760e-09
3.980000 0.006331  0.999800 2.043974e-09
3.990000 0.016326  0.998667 2.071733e-09
4.000000 0.026304  0.996535 2.099987e-09
4.010000 0.036256  0.993407 2.128684e-09
4.020000 0.046172  0.989286 2.157767e-09
4.030000 0.056042  0.984175 2.187180e-09
4.040000 0.065856  0.978080 2.216864e-09
4.050000 0.075604  0.971007 2.246760e-09
4.060000 0.085276  0.962963 2.276806e-09
4.070000 0.094863  0.953956 2.306940e-09
4.080000 0.104355  0.943995 2.337100e-09
4.090000 0.113743  0.933090 2.367222e-09
4.100000 0.123017  0.921252 2.397244e-09
4.110000 0.132168  0.908493 2.427102e-09
4.120000 0.141187  0.894825 2.456733e-09
4.130000 0.150065  0.880263 2.486077e-09
4.140000 0.158792  0.864820 2.515071e-09
4.150000 0.167361  0.848512 2.543656e-09
4.160000 0.175762  0.831356 2.571775e-09
4.170000 0.183988  0.813369 2.599369e-09
4.180000 0.192030  0.794568 2.626385e-09
4.190000 0.199879  0.774972 2.652771e-09
4.200000 0.207529  0.754602 2.678477e-09
4.210000 0.214971  0.733477 2.703455e-09
4.220000 0.222199  0.711618 2.727661e-09
4.230000 0.229204  0.689048 2.751056e-09
4.240000 0.235980  0.665789 2.773599e-09
4.250000 0.242520  0.641864 2.795259e-09
4.260000 0.248817  0.617297 2.816004e-09
4.270000 0.254866  0.592113 2.835808e-09
4.280000 0.260659  0.566337 2.854648e-09
4.290000 0.266192  0.539994 2.872506e-09
4.300000 0.271459  0.513112 2.889368e-09
4.310000 0.276454  0.485716 2.905224e-09
4.320000 0.281173  0.457835 2.920069e-09
4.330000 0.285611  0.429496 2.933902e-09
4.340000 0.289763  0.400727 2.946727e-09
4.350000 0.293626  0.371557 2.958552e-09
4.360000 0.297194  0.342016 2.969390e-09
4.370000 0.300466  0.312133 2.979259e-09
4.380000 0.303437  0.281938 2.988180e-09
4.390000 0.306105  0.251461 2.996179e-09
4.400000 0.308466  0.220732 3.003289e-09
4.410000 0.310519  0.189783 3.009543e-09
4.420000 0.312262  0.158644 3.014982e-09
4.430000 0.313692  0.127346 3.019648e-09
4.440000 0.314809  0.095921 3.023589e-09
4.450000 0.315611  0.064400 3.026855e-09
4.460000 0.316097  0.032815 3.029503e-09
4.470000 0.316267  0.001197 3.031588e-09
4.480000 0.316121  -0.030423 3.033173e-09
4.490000 0.315659  -0.062012 3.034322e-09
4.500000 0.314881  -0.093539 3.035101e-09
4.510000 0.313788  -0.124972 3.035580e-09
4.520000 0.312381  -0.156280 3.035829e-09
4.530000 0.310662  -0.187433 3.035923e-09
4.540000 0.308633  -0.218397 3.035935e-09
4.550000 0.306294  -0.249144 3.035942e-09
4.560000 0.303650  -0.279641 3.036021e-09
4.570000 0.300701  -0.309858 3.036250e-09
4.580000 0.297453  -0.339766 3.036706e-09
4.590000 0.293906  -0.369334 3.037469e-09
4.600000 0.290066  -0.398533 3.038614e-09
4.610000 0.285935  -0.427333 3.040221e-09
4.620000 0.281519  -0.455706 3.042364e-09
4.630000 0.276821  -0.483623 3.045119e-09
4.640000 0.271847  -0.511056 3.048559e-09
4.650000 0.266600  -0.537978 3.052756e-09
4.660000 0.261087  -0.564363 3.057778e-09
4.670000 0.255313  -0.590183 3.063693e-09
4.680000 0.249284  -0.615413 3.070563e-09
4.690000 0.243005  -0.640027 3.078450e-09
4.700000 0.236483  -0.664001 3.087411e-09
4.710000 0.229725  -0.687312 3.097500e-09
4.720000 0.222737  -0.709935 3.108765e-09
4.730000 0.215526  -0.731848 3.121253e-09
4.740000 0.208100  -0.753029 3.135004e-09
4.750000 0.200465  -0.773457 3.150056e-09
4.760000 0.192631  -0.793112 3.166440e-09
4.770000 0.184603  -0.811974 3.184182e-09
4.780000 0.176391  -0.830024 3.203305e-09
4.790000 0.168003  -0.847243 3.223824e-09
4.800000 0.159446  -0.863616 3.245752e-09
4.810000 0.150730  -0.879125 3.269093e-09
4.820000 0.141864  -0.893754 3.293848e-09
4.830000 0.132855  -0.907490 3.320012e-09
4.840000 0.123714  -0.920319 3.347574e-09
4.850000 0.114449  -0.932227 3.376518e-09
4.860000 0.105069  -0.943203 3.406821e-09
4.870000 0.095585  -0.953236 3.438457e-09
4.880000 0.086005  -0.962315 3.471392e-09
4.890000 0.076339  -0.970432 3.505589e-09
4.900000 0.066596  -0.977579 3.541004e-09
4.910000 0.056787  -0.983748 3.577589e-09
4.920000 0.046921  -0.988934 3.615291e-09
4.930000 0.037008  -0.993130 3.654052e-09
4.940000 0.027059  -0.996333 3.693811e-09
4.950000 0.017082  -0.998540 3.734499e-09
4.960000 0.007088  -0.999749 3.776047e-09
4.970000 -0.002913  -0.999958 3.818380e-09
4.980000 -0.012911  -0.999166 3.861421e-09
4.990000 -0.022897  -0.997376 3.905088e-09
5.000000 -0.032859  -0.994588 3.949298e-09
5.010000 -0.042788  -0.990806 3.993964e-09
5.020000 -0.052675  -0.986033 4.038998e-09
5.030000 -0.062509  -0.980273 4.084310e-09
5.040000 -0.072281  -0.973534 4.129806e-09
5.050000 -0.081980  -0.965821 4.175396e-09
5.060000 -0.091597  -0.957142 4.220984e-09
5.070000 -0.101123  -0.947506 4.266477e-09
5.080000 -0.110547  -0.936923 4.311781e-09
5.090000 -0.119861  -0.925402 4.356802e-09
5.100000 -0.129055  -0.912956 4.401447e-09
5.110000 -0.138120  -0.899598 4.445626e-09
5.120000 -0.147047  -0.885339 4.489248e-09
5.130000 -0.155827  -0.870196 4.532225e-09
5.140000 -0.164451  -0.854182 4.574472e-09
5.150000 -0.172911  -0.837314 4.615906e-09
5.160000 -0.181197  -0.819608 4.656447e-09
5.170000 -0.189303  -0.801083 4.696020e-09
5.180000 -0.197219  -0.781757 4.734551e-09
5.190000 -0.204938  -0.761649 4.771973e-09
5.200000 -0.212452  -0.740780 4.808222e-09
5.210000 -0.219753  -0.719170 4.843239e-09
5.220000 -0.226835  -0.696840 4.876970e-09
5.230000 -0.233690  -0.673814 4.909367e-09
5.240000 -0.240312  -0.650114 4.940385e-09
5.250000 -0.246693  -0.625764 4.969988e-09
5.260000 -0.252827  -0.600788 4.998144e-09
5.270000 -0.258708  -0.575211 5.024829e-09
5.280000 -0.264331  -0.549059 5.050022e-09
5.290000 -0.269689  -0.522358 5.073712e-09
5.300000 -0.274778  -0.495134 5.095891e-09
5.310000 -0.279592  -0.467416 5.116561e-09
5.320000 -0.284127  -0.439230 5.135729e-09
5.330000 -0.288377  -0.410605 5.153408e-09
5.340000 -0.292339  -0.381569 5.169618e-09
5.350000 -0.296008  -0.352152 5.184386e-09
5.360000 -0.299382  -0.322382 5.197746e-09
5.370000 -0.302456  -0.292290 5.209738e-09
5.380000 -0.305227  -0.261906 5.220407e-09
5.390000 -0.307694  -0.231260 5.229807e-09
5.400000 -0.309853  -0.200383 5.237994e-09
5.410000 -0.311702  -0.169305 5.245034e-09
5.420000 -0.313239  -0.138058 5.250996e-09
5.430000 -0.314463  -0.106673 5.255955e-09
5.440000 -0.315372  -0.075181 5.259990e-09
5.450000 -0.315966  -0.043614 5.263188e-09
5.460000 -0.316245  -0.012004 5.265637e-09
5.470000 -0.316206  0.019619 5.267430e-09
5.480000 -0.315852  0.051222 5.268665e-09
5.490000 -0.315182  0.082773 5.269441e-09
5.500000 -0.314197  0.114242 5.269864e-09
5.510000 -0.312897  0.145597 5.270037e-09
5.520000 -0.311285  0.176806 5.270070e-09
5.530000 -0.309361  0.207838 5.270073e-09
5.540000 -0.307128  0.238663 5.270157e-09
5.550000 -0.304588  0.269249 5.270433e-09
5.560000 -0.301743  0.299565 5.271015e-09
5.570000 -0.298596  0.329582 5.272013e-09
5.580000 -0.295151  0.359270 5.273542e-09
5.590000 -0.291411  0.388598 5.275710e-09
5.600000 -0.287379  0.417537 5.278627e-09
5.610000 -0.283060  0.446059 5.282401e-09
5.620000 -0.278458  0.474135 5.287137e-09
5.630000 -0.273578  0.501737 5.292936e-09
5.640000 -0.268423  0.528837 5.299898e-09
5.650000 -0.263001  0.555408 5.308118e-09
5.660000 -0.257315  0.581424 5.317686e-09
5.670000 -0.251372  0.606858 5.328689e-09
5.680000 -0.245178  0.631686 5.341209e-09
5.690000 -0.238739  0.655882 5.355322e-09
5.700000 -0.232061  0.679422 5.371099e-09
5.710000 -0.225150  0.702282 5.388603e-09
5.720000 -0.218015  0.724440 5.407895e-09
5.730000 -0.210661  0.745874 5.429025e-09
5.740000 -0.203097  0.766562 5.452039e-09
5.750000 -0.195330  0.786484 5.476975e-09
5.760000 -0.187368  0.805619 5.503863e-09
5.770000 -0.179218  0.823948 5.532727e-09
5.780000 -0.170889  0.841453 5.563582e-09
5.790000 -0.162389  0.858117 5.596438e-09
5.800000 -0.153726  0.873923 5.631293e-09
5.810000 -0.144910  0.888855 5.668142e-09
5.820000 -0.135949  0.902898 5.706968e-09
5.830000 -0.126852  0.916038 5.747749e-09
5.840000 -0.117629  0.928262 5.790454e-09
5.850000 -0.108287  0.939557 5.835043e-09
5.860000 -0.098837  0.949914 5.881472e-09
5.870000 -0.089289  0.959320 5.929687e-09
5.880000 -0.079651  0.967767 5.979627e-09
5.890000 -0.069934  0.975246 6.031223e-09
5.900000 -0.060146  0.981750 6.084402e-09
5.910000 -0.050299  0.987272 6.139082e-09
5.920000 -0.040401  0.991807 6.195175e-09
5.930000 -0.030462  0.995351 6.252588e-09
5.940000 -0.020494  0.997898 6.311222e-09
5.950000 -0.010504  0.999448 6.370973e-09
5.960000 -0.000505  0.999999 6.431731e-09
5.970000 0.009496  0.999549 6.493383e-09
5.980000 0.019486  0.998100 6.555811e-09
5.990000 0.029458  0.995653 6.618894e-09
6.000000 0.039399  0.992210 6.682508e-09
6.010000 0.049302  0.987775 6.746526e-09
6.020000 0.059155  0.982352 6.810819e-09
6.030000 0.068949  0.975947 6.875258e-09
6.040000 0.078674  0.968566 6.939710e-09
6.050000 0.088320  0.960216 7.004045e-09
6.060000 0.097878  0.950906 7.068130e-09
6.070000 0.107338  0.940645 7.131835e-09
6.080000 0.116691  0.929444 7.195029e-09
6.090000 0.125927  0.917313 7.257584e-09
6.100000 0.135037  0.904265 7.319374e-09
6.110000 0.144012  0.890312 7.380277e-09
6.120000 0.152844  0.875470 7.440171e-09
6.130000 0.161522  0.859751 7.498942e-09
6.140000 0.170039  0.843173 7.556476e-09
6.150000 0.178385  0.825752 7.612668e-09
6.160000 0.186554  0.807505 7.667415e-09
6.170000 0.194535  0.788451 7.720621e-09
6.180000 0.202323  0.768608 7.772197e-09
6.190000 0.209908  0.747996 7.822059e-09
6.200000 0.217283  0.726637 7.870131e-09
6.210000 0.224440  0.704551 7.916343e-09
6.220000 0.231374  0.681760 7.960634e-09
6.230000 0.238075  0.658287 8.002951e-09
6.240000 0.244539  0.634157 8.043248e-09
6.250000 0.250759  0.609392 8.081488e-09
6.260000 0.256727  0.584018 8.117644e-09
6.270000 0.262439  0.558059 8.151694e-09
6.280000 0.267888  0.531543 8.183630e-09
6.290000 0.273070  0.504495 8.213449e-09
6.300000 0.277978  0.476943 8.241160e-09
6.310000 0.282609  0.448913 8.266778e-09
6.320000 0.286957  0.420435 8.290330e-09
6.330000 0.291017  0.391536 8.311850e-09
6.340000 0.294787  0.362246 8.331383e-09
6.350000 0.298262  0.332594 8.348981e-09
6.360000 0.301439  0.302608 8.364706e-09
6.370000 0.304314  0.272321 8.378627e-09
6.380000 0.306886  0.241761 8.390823e-09
6.390000 0.309150  0.210959 8.401380e-09
6.400000 0.311105  0.179946 8.410391e-09
6.410000 0.312749  0.148754 8.417959e-09
6.420000 0.314080  0.117412 8.424191e-09
6.430000 0.315097  0.085953 8.429202e-09
6.440000 0.315799  0.054409 8.433112e-09
6.450000 0.316185  0.022809 8.436049e-09
6.460000 0.316255  -0.008813 8.438144e-09
6.470000 0.316009  -0.040426 8.439533e-09
6.480000 0.315447  -0.071999 8.440358e-09
6.490000 0.314569  -0.103499 8.440762e-09
6.500000 0.313377  -0.134897 8.440893e-09
6.510000 0.311871  -0.166159 8.440901e-09
6.520000 0.310053  -0.197255 8.440937e-09
6.530000 0.307926  -0.228154 8.441153e-09
6.540000 0.305490  -0.258825 8.441705e-09
6.550000 0.302749  -0.289237 8.442744e-09
6.560000 0.299706  -0.319360 8.444424e-09
6.570000 0.296362  -0.349163 8.446896e-09
6.580000 0.292722  -0.378617 8.450311e-09
6.590000 0.288790  -0.407693 8.454815e-09
6.600000 0.284568  -0.436361 8.460553e-09
6.610000 0.280063  -0.464592 8.467665e-09
6.620000 0.275277  -0.492359 8.476287e-09
6.630000 0.270215  -0.519634 8.486550e-09
6.640000 0.264884  -0.546389 8.498580e-09
6.650000 0.259288  -0.572597 8.512497e-09
6.660000 0.253432  -0.598233 8.528414e-09
6.670000 0.247323  -0.623271 8.546437e-09
6.680000 0.240967  -0.647686 8.566665e-09
6.690000 0.234369  -0.671452 8.589188e-09
6.700000 0.227537  -0.694548 8.614089e-09
6.710000 0.220478  -0.716948 8.641440e-09
6.720000 0.213198  -0.738632 8.671308e-09
6.730000 0.205706  -0.759577 8.703746e-09
6.740000 0.198007  -0.779763 8.738799e-09
6.750000 0.190110  -0.799169 8.776504e-09
6.760000 0.182024  -0.817776 8.816886e-09
6.770000 0.173755  -0.835565 8.859958e-09
6.780000 0.165312  -0.852518 8.905727e-09
6.790000 0.156704  -0.868619 8.954185e-09
6.800000 0.147940  -0.883851 9.005316e-09
6.810000 0.139027  -0.898199 9.059094e-09
6.820000 0.129976  -0.911650 9.115479e-09
6.830000 0.120794  -0.924188 9.174426e-09
6.840000 0.111492  -0.935802 9.235875e-09
6.850000 0.102078  -0.946481 9.299758e-09
6.860000 0.092563  -0.956213 9.365997e-09
6.870000 0.082954  -0.964989 9.434505e-09
6.880000 0.073263  -0.972800 9.505184e-09
6.890000 0.063498  -0.979638 9.577928e-09
6.900000 0.053670  -0.985496 9.652624e-09
6.910000 0.043788  -0.990369 9.729148e-09
6.920000 0.033863  -0.994252 9.807371e-09
6.930000 0.023903  -0.997140 9.887156e-09
6.940000 0.013920  -0.999031 9.968357e-09
6.950000 0.003923  -0.999923 1.005083e-08
6.960000 -0.006079  -0.999815 1.013440e-08
6.970000 -0.016074  -0.998708 1.021894e-08
6.980000 -0.026053  -0.996601 1.030425e-08
6.990000 -0.036006  -0.993498 1.039019e-08
7.000000 -0.045923  -0.989402 1.047657e-08
7.010000 -0.055794  -0.984316 1.056322e-08
7.020000 -0.065609  -0.978246 1.064997e-08
7.030000 -0.075359  -0.971198 1.073664e-08
7.040000 -0.085033  -0.963178 1.082305e-08
7.050000 -0.094622  -0.954195 1.090904e-08
7.060000 -0.104117  -0.944258 1.099442e-08
7.070000 -0.113507  -0.933377 1.107902e-08
7.080000 -0.122784  -0.921562 1.116267e-08
7.090000 -0.131939  -0.908826 1.124521e-08
7.100000 -0.140961  -0.895181 1.132647e-08
7.110000 -0.149842  -0.880641 1.140630e-08
7.120000 -0.158574  -0.865220 1.148454e-08
7.130000 -0.167147  -0.848934 1.156105e-08
7.140000 -0.175553  -0.831799 1.163569e-08
7.150000 -0.183783  -0.813833 1.170832e-08
7.160000 -0.191829  -0.795052 1.177883e-08
7.170000 -0.199684  -0.775476 1.184710e-08
7.180000 -0.207339  -0.755125 1.191302e-08
7.190000 -0.214786  -0.734019 1.197650e-08
7.200000 -0.222019  -0.712179 1.203744e-08
7.210000 -0.229030  -0.689626 1.209578e-08
7.220000 -0.235812  -0.666384 1.215144e-08
7.230000 -0.242358  -0.642476 1.220438e-08
7.240000 -0.248661  -0.617925 1.225455e-08
7.250000 -0.254716  -0.592756 1.230191e-08
7.260000 -0.260516  -0.566994 1.234644e-08
7.270000 -0.266056  -0.540666 1.238815e-08
7.280000 -0.271330  -0.513796 1.242703e-08
7.290000 -0.276332  -0.486413 1.246310e-08
7.300000 -0.281058  -0.458544 1.249638e-08
7.310000 -0.285503  -0.430216 1.252692e-08
7.320000 -0.289662  -0.401458 1.255476e-08
7.330000 -0.293532  -0.372298 1.257998e-08
7.340000 -0.297108  -0.342766 1.260265e-08
7.350000 -0.300387  -0.312891 1.262285e-08
7.360000 -0.303366  -0.282704 1.264067e-08
7.370000 -0.306041  -0.252233 1.265624e-08
7.380000 -0.308411  -0.221511 1.266967e-08
7.390000 -0.310471  -0.190566 1.268108e-08
7.400000 -0.312222  -0.159432 1.269061e-08
7.410000 -0.313660  -0.128138 1.269842e-08
7.420000 -0.314785  -0.096715 1.270465e-08
7.430000 -0.315594  -0.065197 1.270946e-08
7.440000 -0.316089  -0.033612 1.271304e-08
7.450000 -0.316267  -0.001995 1.271555e-08
7.460000 -0.316128  0.029625 1.271717e-08
7.470000 -0.315674  0.061215 1.271810e-08
7.480000 -0.314904  0.092744 1.271852e-08
7.490000 -0.313819  0.124180 1.271864e-08
7.500000 -0.312421  0.155492 1.271864e-08
7.510000 -0.310709  0.186649 1.271872e-08
7.520000 -0.308688  0.217619 1.271910e-08
7.530000 -0.306357  0.248371 1.271997e-08
7.540000 -0.303720  0.278875 1.272153e-08
7.550000 -0.300780  0.309100 1.272398e-08
7.560000 -0.297538  0.339016 1.272752e-08
7.570000 -0.293999  0.368593 1.273234e-08
7.580000 -0.290166  0.397801 1.273864e-08
7.590000 -0.286043  0.426611 1.274661e-08
7.600000 -0.281634  0.454995 1.275641e-08
7.610000 -0.276943  0.482924 1.276824e-08
7.620000 -0.271976  0.510370 1.278226e-08
7.630000 -0.266736  0.537306 1.279862e-08
7.640000 -0.261230  0.563704 1.281749e-08
7.650000 -0.255462  0.589538 1.283900e-08
7.660000 -0.249439  0.614783 1.286330e-08
7.670000 -0.243166  0.639414 1.289050e-08
7.680000 -0.236650  0.663405 1.292072e-08
7.690000 -0.229898  0.686732 1.295407e-08
7.700000 -0.222916  0.709373 1.299063e-08
7.710000 -0.215711  0.731304 1.303048e-08
7.720000 -0.208290  0.752504 1.307370e-08
7.730000 -0.200661  0.772952 1.312033e-08
7.740000 -0.192831  0.792626 1.317041e-08
7.750000 -0.184808  0.811508 1.322398e-08
7.760000 -0.176601  0.829578 1.328104e-08
7.770000 -0.168216  0.846819 1.334160e-08
7.780000 -0.159664  0.863213 1.340565e-08
7.790000 -0.150952  0.878744 1.347315e-08
7.800000 -0.142089  0.893396 1.354407e-08
7.810000 -0.133084  0.907155 1.361835e-08
7.820000 -0.123946  0.920006 1.369593e-08
7.830000 -0.114684  0.931938 1.377673e-08
7.840000 -0.105307  0.942938 1.386064e-08
7.850000 -0.095825  0.952994 1.394757e-08
7.860000 -0.086248  0.962098 1.403740e-08
7.870000 -0.076583  0.970239 1.413000e-08
7.880000 -0.066843  0.977411 1.422522e-08
7.890000 -0.057035  0.983605 1.432291e-08
7.900000 -0.047171  0.988815 1.442292e-08
7.910000 -0.037259  0.993036 1.452506e-08
7.920000 -0.027310  0.996265 1.462916e-08
7.930000 -0.017334  0.998497 1.473503e-08
7.940000 -0.007340  0.999731 1.484247e-08
7.950000 0.002661  0.999965 1.495128e-08
7.960000 0.012659  0.999199 1.506124e-08
7.970000 0.022645  0.997433 1.517215e-08
7.980000 0.032608  0.994671 1.528378e-08
7.990000 0.042538  0.990913 1.539591e-08
8.000000 0.052426  0.986165 1.550832e-08
8.010000 0.062262  0.980431 1.562077e-08
8.020000 0.072035  0.973716 1.573305e-08
8.030000 0.081736  0.966027 1.584491e-08
8.040000 0.091355  0.957373 1.595615e-08
8.050000 0.100883  0.947761 1.606652e-08
8.060000 0.110311  0.937201 1.617582e-08
8.070000 0.119627  0.925704 1.628381e-08
8.080000 0.128825  0.913282 1.639030e-08
8.090000 0.137893  0.899946 1.649507e-08
8.100000 0.146824  0.885710 1.659793e-08
8.110000 0.155607  0.870588 1.669867e-08
8.120000 0.164235  0.854596 1.679711e-08
8.130000 0.172699  0.837750 1.689309e-08
8.140000 0.180990  0.820065 1.698642e-08
8.150000 0.189101  0.801561 1.707696e-08
8.160000 0.197022  0.782254 1.716456e-08
8.170000 0.204746  0.762166 1.724909e-08
8.180000 0.212265  0.741316 1.733043e-08
8.190000 0.219572  0.719724 1.740847e-08
8.200000 0.226659  0.697412 1.748311e-08
8.210000 0.233520  0.674403 1.755428e-08
8.220000 0.240147  0.650720 1.762191e-08
8.230000 0.246535  0.626386 1.768595e-08
8.240000 0.252675  0.601425 1.774636e-08
8.250000 0.258563  0.575863 1.780312e-08
8.260000 0.264192  0.549726 1.785623e-08
8.270000 0.269558  0.523038 1.790569e-08
8.280000 0.274653  0.495827 1.795153e-08
8.290000 0.279474  0.468121 1.799379e-08
8.300000 0.284016  0.439947 1.803253e-08
8.310000 0.288273  0.411332 1.806781e-08
8.320000 0.292242  0.382306 1.809973e-08
8.330000 0.295919  0.352898 1.812838e-08
8.340000 0.299300  0.323137 1.815387e-08
8.350000 0.302382  0.293053 1.817634e-08
8.360000 0.305161  0.262676 1.819593e-08
8.370000 0.307635  0.232036 1.821279e-08
8.380000 0.309802  0.201164 1.822708e-08
8.390000 0.311659  0.170091 1.823900e-08
8.400000 0.313204  0.138848 1.824873e-08
8.410000 0.314436  0.107466 1.825646e-08
8.420000 0.315353  0.075977 1.826242e-08
8.430000 0.315955  0.044411 1.826681e-08
8.440000 0.316241  0.012802 1.826987e-08
8.450000 0.316211  -0.018821 1.827182e-08
8.460000 0.315865  -0.050425 1.827292e-08
8.470000 0.315203  -0.081978 1.827340e-08
8.480000 0.314225  -0.113450 1.827351e-08
8.490000 0.312934  -0.144808 1.827351e-08
8.500000 0.311329  -0.176021 1.827365e-08
8.510000 0.309413  -0.207058 1.827419e-08
8.520000 0.307188  -0.237888 1.827539e-08
8.530000 0.304656  -0.268480 1.827749e-08
8.540000 0.301818  -0.298804 1.828076e-08
8.550000 0.298680  -0.328829 1.828544e-08
8.560000 0.295242  -0.358525 1.829178e-08
8.570000 0.291509  -0.387862 1.830002e-08
8.580000 0.287485  -0.416812 1.831040e-08
8.590000 0.283173  -0.445345 1.832315e-08
8.600000 0.278578  -0.473432 1.833849e-08
8.610000 0.273704  -0.501047 1.835662e-08
8.620000 0.268557  -0.528160 1.837776e-08
8.630000 0.263141  -0.554745 1.840208e-08
8.640000 0.257462  -0.580775 1.842978e-08
8.650000 0.251525  -0.606224 1.846102e-08
8.660000 0.245337  -0.631067 1.849596e-08
8.670000 0.238904  -0.655279 1.853473e-08
8.680000 0.232232  -0.678836 1.857747e-08
8.690000 0.225327  -0.701714 1.862428e-08
8.700000 0.218198  -0.723890 1.867526e-08
8.710000 0.210850  -0.745343 1.873050e-08
8.720000 0.203291  -0.766050 1.879005e-08
8.730000 0.195529  -0.785991 1.885396e-08
8.740000 0.187571  -0.805146 1.892227e-08
8.750000 0.179426  -0.823495 1.899499e-08
8.760000 0.171101  -0.841022 1.907212e-08
8.770000 0.162605  -0.857707 1.915363e-08
8.780000 0.153947  -0.873535 1.923949e-08
8.790000 0.145135  -0.888489 1.932965e-08
8.800000 0.136177  -0.902554 1.942402e-08
8.810000 0.127083  -0.915717 1.952253e-08
8.820000 0.117863  -0.927965 1.962507e-08
8.830000 0.108524  -0.939284 1.973151e-08
8.840000 0.099077  -0.949664 1.984171e-08
8.850000 0.089531  -0.959094 1.995554e-08
8.860000 0.079895  -0.967566 2.007281e-08
8.870000 0.070180  -0.975070 2.019336e-08
8.880000 0.060394  -0.981598 2.031697e-08
8.890000 0.050548  -0.987145 2.044345e-08
8.900000 0.040651  -0.991705 2.057258e-08
8.910000 0.030714  -0.995273 2.070412e-08
8.920000 0.020745  -0.997846 2.083784e-08
8.930000 0.010757  -0.999421 2.097349e-08
8.940000 0.000757  -0.999997 2.111080e-08
8.950000 -0.009243  -0.999573 2.124951e-08
8.960000 -0.019234  -0.998149 2.138936e-08
8.970000 -0.029206  -0.995727 2.153006e-08
8.980000 -0.039149  -0.992309 2.167134e-08
8.990000 -0.049053  -0.987899 2.181290e-08
9.000000 -0.058907  -0.982501 2.195447e-08
9.010000 -0.068703  -0.976121 2.209576e-08
9.020000 -0.078429  -0.968764 2.223649e-08
9.030000 -0.088078  -0.960439 2.237636e-08
9.040000 -0.097638  -0.951153 2.251510e-08
9.050000 -0.107101  -0.940916 2.265243e-08
9.060000 -0.116456  -0.929738 2.278808e-08
9.070000 -0.125696  -0.917630 2.292178e-08
9.080000 -0.134809  -0.904605 2.305328e-08
9.090000 -0.143788  -0.890675 2.318233e-08
9.100000 -0.152623  -0.875855 2.330868e-08
9.110000 -0.161305  -0.860158 2.343211e-08
9.120000 -0.169826  -0.843602 2.355239e-08
9.130000 -0.178177  -0.826202 2.366933e-08
9.140000 -0.186350  -0.807975 2.378272e-08
9.150000 -0.194336  -0.788941 2.389239e-08
9.160000 -0.202129  -0.769118 2.399818e-08
9.170000 -0.209719  -0.748526 2.409994e-08
9.180000 -0.217099  -0.727185 2.419753e-08
9.190000 -0.224262  -0.705117 2.429085e-08
9.200000 -0.231201  -0.682343 2.437979e-08
9.210000 -0.237909  -0.658888 2.446428e-08
9.220000 -0.244379  -0.634773 2.454425e-08
9.230000 -0.250605  -0.610024 2.461966e-08
9.240000 -0.256580  -0.584665 2.469049e-08
9.250000 -0.262298  -0.558721 2.475674e-08
9.260000 -0.267754  -0.532218 2.481842e-08
9.270000 -0.272942  -0.505184 2.487556e-08
9.280000 -0.277858  -0.477644 2.492822e-08
9.290000 -0.282495  -0.449626 2.497646e-08
9.300000 -0.286850  -0.421159 2.502039e-08
9.310000 -0.290918  -0.392270 2.506011e-08
9.320000 -0.294696  -0.362990 2.509574e-08
9.330000 -0.298178  -0.333346 2.512744e-08
9.340000 -0.301363  -0.303369 2.515536e-08
9.350000 -0.304246  -0.273088 2.517969e-08
9.360000 -0.306824  -0.242535 2.520062e-08
9.370000 -0.309096  -0.211739 2.521836e-08
9.380000 -0.311059  -0.180731 2.523313e-08
9.390000 -0.312711  -0.149543 2.524518e-08
9.400000 -0.314050  -0.118204 2.525476e-08
9.410000 -0.315075  -0.086748 2.526212e-08
9.420000 -0.315785  -0.055205 2.526754e-08
9.430000 -0.316179  -0.023607 2.527131e-08
9.440000 -0.316257  0.008015 2.527372e-08
9.450000 -0.316019  0.039629 2.527506e-08
9.460000 -0.315465  0.071203 2.527564e-08
9.470000 -0.314595  0.102706 2.527578e-08
9.480000 -0.313410  0.134106 2.527578e-08
9.490000 -0.311913  0.165372 2.527596e-08
9.500000 -0.310103  0.196473 2.527665e-08
9.510000 -0.307983  0.227377 2.527815e-08
9.520000 -0.305555  0.258054 2.528079e-08
9.530000 -0.302822  0.288473 2.528487e-08
9.540000 -0.299786  0.318603 2.529072e-08
9.550000 -0.296450  0.348415 2.529863e-08
9.560000 -0.292818  0.377879 2.530891e-08
9.570000 -0.288893  0.406964 2.532184e-08
9.580000 -0.284678  0.435643 2.533770e-08
9.590000 -0.280180  0.463886 2.535677e-08
9.600000 -0.275401  0.491665 2.537931e-08
9.610000 -0.270346  0.518952 2.540557e-08
9.620000 -0.265022  0.545720 2.543578e-08
9.630000 -0.259432  0.571943 2.547016e-08
9.640000 -0.253583  0.597594 2.550892e-08
9.650000 -0.247480  0.622647 2.555225e-08
9.660000 -0.241130  0.647077 2.560032e-08
9.670000 -0.234539  0.670861 2.565328e-08
9.680000 -0.227713  0.693973 2.571128e-08
9.690000 -0.220659  0.716392 2.577442e-08
9.700000 -0.213385  0.738094 2.584281e-08
9.710000 -0.205897  0.759058 2.591652e-08
9.720000 -0.198204  0.779263 2.599561e-08
9.730000 -0.190312  0.798689 2.608012e-08
9.740000 -0.182230  0.817316 2.617005e-08
9.750000 -0.173966  0.835126 2.626541e-08
9.760000 -0.165527  0.852101 2.636616e-08
9.770000 -0.156924  0.868223 2.647226e-08
9.780000 -0.148163  0.883478 2.658364e-08
9.790000 -0.139254  0.897848 2.670020e-08
9.800000 -0.130206  0.911321 2.682184e-08
9.810000 -0.121028  0.923883 2.694842e-08
9.820000 -0.111728  0.935521 2.707979e-08
9.830000 -0.102317  0.946223 2.721578e-08
9.840000 -0.092804  0.955979 2.735620e-08
9.850000 -0.083198  0.964779 2.750084e-08
9.860000 -0.073508  0.972614 2.764947e-08
9.870000 -0.063745  0.979477 2.780187e-08
9.880000 -0.053919  0.985360 2.795776e-08
9.890000 -0.044038  0.990258 2.811688e-08
9.900000 -0.034113  0.994166 2.827894e-08
9.910000 -0.024155  0.997079 2.844366e-08
9.920000 -0.014172  0.998996 2.861071e-08
9.930000 -0.004175  0.999913 2.877977e-08
9.940000 0.005826  0.999830 2.895054e-08
9.950000 0.015822  0.998748 2.912266e-08
9.960000 0.025801  0.996667 2.929580e-08
9.970000 0.035755  0.993589 2.946962e-08
9.980000 0.045673  0.989518 2.964376e-08
9.990000 0.055545  0.984457 2.981787e-08
10.000000 0.065362  0.978411 2.999161e-08
