0.000000 0.000000  1.000000 0.000000e+00
0.010000 0.010000  1.000000 0.000000e+00
0.020000 0.020000  0.999000 2.777500e-15
0.030000 0.029990  0.997000 1.804842e-13
0.040000 0.039960  0.994001 1.404067e-12
0.050000 0.049900  0.990005 5.837146e-12
0.060000 0.059800  0.985015 1.751910e-11
0.070000 0.069650  0.979035 4.293146e-11
0.080000 0.079441  0.972070 9.154188e-11
0.090000 0.089161  0.964126 1.763200e-10
0.100000 0.098803  0.955210 3.142196e-10
0.110000 0.108355  0.945330 5.266225e-10
0.120000 0.117808  0.934494 8.397385e-10
0.130000 0.127153  0.922713 1.284957e-09
0.140000 0.136380  0.909998 1.899147e-09
0.150000 0.145480  0.896360 2.724899e-09
0.160000 0.154444  0.881812 3.810710e-09
0.170000 0.163262  0.866368 5.211102e-09
0.180000 0.171925  0.850041 6.986681e-09
0.190000 0.180426  0.832849 9.204122e-09
0.200000 0.188754  0.814806 1.193609e-08
0.210000 0.196902  0.795931 1.526109e-08
0.220000 0.204862  0.776241 1.926325e-08
0.230000 0.212624  0.755755 2.403203e-08
0.240000 0.220182  0.734492 2.966185e-08
0.250000 0.227527  0.712474 3.625169e-08
0.260000 0.234651  0.689721 4.390457e-08
0.270000 0.241548  0.666256 5.272701e-08
0.280000 0.248211  0.642101 6.282841e-08
0.290000 0.254632  0.617280 7.432037e-08
0.300000 0.260805  0.591817 8.731598e-08
0.310000 0.266723  0.565737 1.019290e-07
0.320000 0.272380  0.539064 1.182731e-07
0.330000 0.277771  0.511826 1.364610e-07
0.340000 0.282889  0.484049 1.566035e-07
0.350000 0.287730  0.455760 1.788085e-07
0.360000 0.292287  0.426987 2.031805e-07
0.370000 0.296557  0.397758 2.298190e-07
0.380000 0.300535  0.368103 2.588180e-07
0.390000 0.304216  0.338049 2.902650e-07
0.400000 0.307596  0.307628 3.242397e-07
0.410000 0.310673  0.276868 3.608138e-07
0.420000 0.313441  0.245801 4.000492e-07
0.430000 0.315899  0.214457 4.419977e-07
0.440000 0.318044  0.182867 4.867001e-07
0.450000 0.319873  0.151062 5.341853e-07
0.460000 0.321383  0.119075 5.844697e-07
0.470000 0.322574  0.086937 6.375562e-07
0.480000 0.323443  0.054679 6.934341e-07
0.490000 0.323990  0.022335 7.520782e-07
0.500000 0.324213  -0.010064 8.134486e-07
0.510000 0.324113  -0.042485 8.774900e-07
0.520000 0.323688  -0.074897 9.441318e-07
0.530000 0.322939  -0.107265 1.013288e-06
0.540000 0.321866  -0.139559 1.084856e-06
0.550000 0.320471  -0.171746 1.158720e-06
0.560000 0.318753  -0.203793 1.234745e-06
0.570000 0.316715  -0.235668 1.312784e-06
0.580000 0.314359  -0.267340 1.392675e-06
0.590000 0.311685  -0.298776 1.474239e-06
0.600000 0.308698  -0.329944 1.557286e-06
0.610000 0.305398  -0.360814 1.641613e-06
0.620000 0.301790  -0.391354 1.727004e-06
0.630000 0.297876  -0.421533 1.813231e-06
0.640000 0.293661  -0.451320 1.900058e-06
0.650000 0.289148  -0.480687 1.987239e-06
0.660000 0.284341  -0.509601 2.074522e-06
0.670000 0.279245  -0.538035 2.161647e-06
0.680000 0.273865  -0.565960 2.248349e-06
0.690000 0.268205  -0.593346 2.334364e-06
0.700000 0.262272  -0.620167 2.419421e-06
0.710000 0.256070  -0.646394 2.503253e-06
0.720000 0.249606  -0.672001 2.585595e-06
0.730000 0.242886  -0.696962 2.666186e-06
0.740000 0.235916  -0.721250 2.744769e-06
0.750000 0.228704  -0.744842 2.821097e-06
0.760000 0.221255  -0.767712 2.894933e-06
0.770000 0.213578  -0.789838 2.966050e-06
0.780000 0.205680  -0.811196 3.034238e-06
0.790000 0.197568  -0.831764 3.099299e-06
0.800000 0.189250  -0.851520 3.161056e-06
0.810000 0.180735  -0.870445 3.219350e-06
0.820000 0.172031  -0.888519 3.274046e-06
0.830000 0.163145  -0.905722 3.325029e-06
0.840000 0.154088  -0.922037 3.372213e-06
0.850000 0.144868  -0.937445 3.415536e-06
0.860000 0.135493  -0.951932 3.454967e-06
0.870000 0.125974  -0.965481 3.490504e-06
0.880000 0.116319  -0.978079 3.522175e-06
0.890000 0.106538  -0.989711 3.550044e-06
0.900000 0.096641  -1.000365 3.574206e-06
0.910000 0.086638  -1.010029 3.594792e-06
0.920000 0.076537  -1.018693 3.611968e-06
0.930000 0.066351  -1.026346 3.625937e-06
0.940000 0.056087  -1.032981 3.636938e-06
0.950000 0.045757  -1.038590 3.645246e-06
0.960000 0.035371  -1.043166 3.651176e-06
0.970000 0.024940  -1.046703 3.655076e-06
0.980000 0.014473  -1.049197 3.657334e-06
0.990000 0.003981  -1.050644 3.658370e-06
1.000000 -0.006526  -1.051042 3.658642e-06
1.010000 -0.017036  -1.050390 3.658642e-06
1.020000 -0.027540  -1.048686 3.658895e-06
1.030000 -0.038027  -1.045932 3.659956e-06
1.040000 -0.048486  -1.042129 3.662411e-06
1.050000 -0.058908  -1.037281 3.666876e-06
1.060000 -0.069280  -1.031390 3.673989e-06
1.070000 -0.079594  -1.024462 3.684417e-06
1.080000 -0.089839  -1.016503 3.698844e-06
1.090000 -0.100004  -1.007519 3.717975e-06
1.100000 -0.110079  -0.997518 3.742530e-06
1.110000 -0.120054  -0.986510 3.773245e-06
1.120000 -0.129919  -0.974505 3.810863e-06
1.130000 -0.139664  -0.961513 3.856134e-06
1.140000 -0.149280  -0.947547 3.909812e-06
1.150000 -0.158755  -0.932619 3.972651e-06
1.160000 -0.168081  -0.916743 4.045402e-06
1.170000 -0.177249  -0.899935 4.128806e-06
1.180000 -0.186248  -0.882210 4.223596e-06
1.190000 -0.195070  -0.863585 4.330486e-06
1.200000 -0.203706  -0.844078 4.450174e-06
1.210000 -0.212147  -0.823708 4.583335e-06
1.220000 -0.220384  -0.802493 4.730615e-06
1.230000 -0.228409  -0.780455 4.892632e-06
1.240000 -0.236213  -0.757614 5.069968e-06
1.250000 -0.243789  -0.733992 5.263167e-06
1.260000 -0.251129  -0.709614 5.472733e-06
1.270000 -0.258225  -0.684501 5.699120e-06
1.280000 -0.265070  -0.658678 5.942739e-06
1.290000 -0.271657  -0.632171 6.203945e-06
1.300000 -0.277979  -0.605005 6.483038e-06
1.310000 -0.284029  -0.577207 6.780261e-06
1.320000 -0.289801  -0.548804 7.095797e-06
1.330000 -0.295289  -0.519824 7.429763e-06
1.340000 -0.300487  -0.490295 7.782212e-06
1.350000 -0.305390  -0.460247 8.153129e-06
1.360000 -0.309993  -0.429708 8.542430e-06
1.370000 -0.314290  -0.398708 8.949959e-06
1.380000 -0.318277  -0.367279 9.375489e-06
1.390000 -0.321950  -0.335452 9.818720e-06
1.400000 -0.325304  -0.303257 1.027928e-05
1.410000 -0.328337  -0.270726 1.075672e-05
1.420000 -0.331044  -0.237893 1.125052e-05
1.430000 -0.333423  -0.204788 1.176010e-05
1.440000 -0.335471  -0.171446 1.228477e-05
1.450000 -0.337185  -0.137899 1.282382e-05
1.460000 -0.338564  -0.104180 1.337644e-05
1.470000 -0.339606  -0.070324 1.394176e-05
1.480000 -0.340309  -0.036363 1.451885e-05
1.490000 -0.340673  -0.002332 1.510670e-05
1.500000 -0.340696  0.031735 1.570428e-05
1.510000 -0.340379  0.065805 1.631046e-05
1.520000 -0.339721  0.099843 1.692410e-05
1.530000 -0.338723  0.133815 1.754397e-05
1.540000 -0.337384  0.167687 1.816885e-05
1.550000 -0.335708  0.201425 1.879744e-05
1.560000 -0.333693  0.234996 1.942842e-05
1.570000 -0.331343  0.268365 2.006045e-05
1.580000 -0.328660  0.301500 2.069216e-05
1.590000 -0.325645  0.334366 2.132218e-05
1.600000 -0.322301  0.366930 2.194910e-05
1.610000 -0.318632  0.399160 2.257154e-05
1.620000 -0.314640  0.431023 2.318811e-05
1.630000 -0.310330  0.462487 2.379742e-05
1.640000 -0.305705  0.493520 2.439811e-05
1.650000 -0.300770  0.524091 2.498883e-05
1.660000 -0.295529  0.554168 2.556828e-05
1.670000 -0.289987  0.583721 2.613519e-05
1.680000 -0.284150  0.612720 2.668831e-05
1.690000 -0.278023  0.641135 2.722647e-05
1.700000 -0.271611  0.668937 2.774855e-05
1.710000 -0.264922  0.696098 2.825349e-05
1.720000 -0.257961  0.722590 2.874029e-05
1.730000 -0.250735  0.748386 2.920805e-05
1.740000 -0.243251  0.773460 2.965592e-05
1.750000 -0.235517  0.797785 3.008317e-05
1.760000 -0.227539  0.821337 3.048915e-05
1.770000 -0.219326  0.844090 3.087331e-05
1.780000 -0.210885  0.866023 3.123519e-05
1.790000 -0.202224  0.887111 3.157446e-05
1.800000 -0.193353  0.907334 3.189090e-05
1.810000 -0.184280  0.926669 3.218438e-05
1.820000 -0.175013  0.945097 3.245492e-05
1.830000 -0.165562  0.962599 3.270264e-05
1.840000 -0.155936  0.979155 3.292781e-05
1.850000 -0.146145  0.994748 3.313079e-05
1.860000 -0.136197  1.009363 3.331210e-05
1.870000 -0.126104  1.022983 3.347236e-05
1.880000 -0.115874  1.035593 3.361235e-05
1.890000 -0.105518  1.047180 3.373294e-05
1.900000 -0.095046  1.057732 3.383516e-05
1.910000 -0.084469  1.067237 3.392014e-05
1.920000 -0.073796  1.075684 3.398916e-05
1.930000 -0.063040  1.083063 3.404358e-05
1.940000 -0.052209  1.089367 3.408490e-05
1.950000 -0.041315  1.094588 3.411475e-05
1.960000 -0.030369  1.098720 3.413483e-05
1.970000 -0.019382  1.101757 3.414697e-05
1.980000 -0.008365  1.103695 3.415309e-05
1.990000 0.002672  1.104531 3.415518e-05
2.000000 0.013718  1.104264 3.415535e-05
2.010000 0.024760  1.102892 3.415576e-05
2.020000 0.035789  1.100416 3.415864e-05
2.030000 0.046793  1.096837 3.416630e-05
2.040000 0.057762  1.092158 3.418108e-05
2.050000 0.068683  1.086382 3.420537e-05
2.060000 0.079547  1.079513 3.424159e-05
2.070000 0.090342  1.071559 3.429219e-05
2.080000 0.101058  1.062524 3.435964e-05
2.090000 0.111683  1.052419 3.444639e-05
2.100000 0.122207  1.041250 3.455490e-05
2.110000 0.132620  1.029030 3.468760e-05
2.120000 0.142910  1.015768 3.484691e-05
2.130000 0.153068  1.001477 3.503519e-05
2.140000 0.163083  0.986170 3.525475e-05
2.150000 0.172944  0.969862 3.550787e-05
2.160000 0.182643  0.952567 3.579670e-05
2.170000 0.192169  0.934303 3.612337e-05
2.180000 0.201512  0.915086 3.648986e-05
2.190000 0.210662  0.894935 3.689809e-05
2.200000 0.219612  0.873869 3.734984e-05
2.210000 0.228350  0.851907 3.784678e-05
2.220000 0.236870  0.829072 3.839042e-05
2.230000 0.245160  0.805385 3.898217e-05
2.240000 0.253214  0.780869 3.962326e-05
2.250000 0.261023  0.755548 4.031476e-05
2.260000 0.268578  0.729446 4.105760e-05
2.270000 0.275873  0.702588 4.185250e-05
2.280000 0.282899  0.675001 4.270003e-05
2.290000 0.289649  0.646711 4.360057e-05
2.300000 0.296116  0.617746 4.455430e-05
2.310000 0.302293  0.588134 4.556121e-05
2.320000 0.308175  0.557905 4.662110e-05
2.330000 0.313754  0.527088 4.773357e-05
2.340000 0.319024  0.495712 4.889801e-05
2.350000 0.323982  0.463810 5.011361e-05
2.360000 0.328620  0.431412 5.137937e-05
2.370000 0.332934  0.398550 5.269408e-05
2.380000 0.336919  0.365256 5.405633e-05
2.390000 0.340572  0.331564 5.546451e-05
2.400000 0.343888  0.297507 5.691683e-05
2.410000 0.346863  0.263118 5.841130e-05
2.420000 0.349494  0.228432 5.994575e-05
2.430000 0.351778  0.193483 6.151783e-05
2.440000 0.353713  0.158305 6.312504e-05
2.450000 0.355296  0.122934 6.476468e-05
2.460000 0.356525  0.087404 6.643394e-05
2.470000 0.357399  0.051751 6.812984e-05
2.480000 0.357917  0.016012 6.984927e-05
2.490000 0.358077  -0.019780 7.158900e-05
2.500000 0.357879  -0.055588 7.334571e-05
2.510000 0.357323  -0.091376 7.511594e-05
2.520000 0.356410  -0.127108 7.689618e-05
2.530000 0.355138  -0.162749 7.868285e-05
2.540000 0.353511  -0.198263 8.047230e-05
2.550000 0.351528  -0.233614 8.226083e-05
2.560000 0.349192  -0.268767 8.404474e-05
2.570000 0.346505  -0.303686 8.582031e-05
2.580000 0.343468  -0.338336 8.758380e-05
2.590000 0.340084  -0.372683 8.933152e-05
2.600000 0.336357  -0.406692 9.105982e-05
2.610000 0.332291  -0.440327 9.276508e-05
2.620000 0.327887  -0.473556 9.444376e-05
2.630000 0.323152  -0.506345 9.609241e-05
2.640000 0.318088  -0.538660 9.770768e-05
2.650000 0.312702  -0.570469 9.928634e-05
2.660000 0.306997  -0.601739 1.008253e-04
2.670000 0.300980  -0.632439 1.023216e-04
2.680000 0.294655  -0.662537 1.037724e-04
2.690000 0.288030  -0.692003 1.051752e-04
2.700000 0.281110  -0.720806 1.065275e-04
2.710000 0.273902  -0.748917 1.078272e-04
2.720000 0.266413  -0.776307 1.090722e-04
2.730000 0.258649  -0.802948 1.102607e-04
2.740000 0.250620  -0.828813 1.113913e-04
2.750000 0.242332  -0.853875 1.124628e-04
2.760000 0.233793  -0.878108 1.134740e-04
2.770000 0.225012  -0.901487 1.144242e-04
2.780000 0.215997  -0.923989 1.153131e-04
2.790000 0.206757  -0.945588 1.161404e-04
2.800000 0.197301  -0.966264 1.169063e-04
2.810000 0.187639  -0.985994 1.176111e-04
2.820000 0.177779  -1.004758 1.182555e-04
2.830000 0.167731  -1.022536 1.188407e-04
2.840000 0.157506  -1.039309 1.193677e-04
2.850000 0.147113  -1.055060 1.198384e-04
2.860000 0.136562  -1.069771 1.202545e-04
2.870000 0.125864  -1.083427 1.206182e-04
2.880000 0.115030  -1.096014 1.209321e-04
2.890000 0.104070  -1.107517 1.211988e-04
2.900000 0.092995  -1.117924 1.214214e-04
2.910000 0.081816  -1.127223 1.216031e-04
2.920000 0.070543  -1.135405 1.217475e-04
2.930000 0.059189  -1.142459 1.218585e-04
2.940000 0.047765  -1.148378 1.219400e-04
2.950000 0.036281  -1.153154 1.219962e-04
2.960000 0.024749  -1.156783 1.220316e-04
2.970000 0.013182  -1.159258 1.220508e-04
2.980000 0.001589  -1.160576 1.220587e-04
2.990000 -0.010017  -1.160735 1.220602e-04
3.000000 -0.021624  -1.159733 1.220603e-04
3.010000 -0.033221  -1.157571 1.220644e-04
3.020000 -0.044797  -1.154248 1.220777e-04
3.030000 -0.056340  -1.149769 1.221055e-04
3.040000 -0.067837  -1.144135 1.221534e-04
3.050000 -0.079279  -1.137351 1.222268e-04
3.060000 -0.090652  -1.129423 1.223311e-04
3.070000 -0.101946  -1.120358 1.224720e-04
3.080000 -0.113150  -1.110163 1.226547e-04
3.090000 -0.124252  -1.098848 1.228847e-04
3.100000 -0.135240  -1.086423 1.231673e-04
3.110000 -0.146104  -1.072899 1.235077e-04
3.120000 -0.156833  -1.058289 1.239109e-04
3.130000 -0.167416  -1.042605 1.243819e-04
3.140000 -0.177842  -1.025864 1.249254e-04
3.150000 -0.188101  -1.008080 1.255460e-04
3.160000 -0.198182  -0.989270 1.262479e-04
3.170000 -0.208074  -0.969451 1.270355e-04
3.180000 -0.217769  -0.948644 1.279123e-04
3.190000 -0.227255  -0.926867 1.288821e-04
3.200000 -0.236524  -0.904142 1.299482e-04
3.210000 -0.245565  -0.880489 1.311134e-04
3.220000 -0.254370  -0.855933 1.323804e-04
3.230000 -0.262930  -0.830496 1.337516e-04
3.240000 -0.271235  -0.804203 1.352288e-04
3.250000 -0.279277  -0.777079 1.368136e-04
3.260000 -0.287047  -0.749152 1.385072e-04
3.270000 -0.294539  -0.720447 1.403105e-04
3.280000 -0.301743  -0.690993 1.422238e-04
3.290000 -0.308653  -0.660819 1.442470e-04
3.300000 -0.315261  -0.629953 1.463799e-04
3.310000 -0.321561  -0.598427 1.486215e-04
3.320000 -0.327545  -0.566271 1.509706e-04
3.330000 -0.333208  -0.533516 1.534255e-04
3.340000 -0.338543  -0.500196 1.559842e-04
3.350000 -0.343545  -0.466341 1.586442e-04
3.360000 -0.348208  -0.431987 1.614026e-04
3.370000 -0.352528  -0.397166 1.642560e-04
3.380000 -0.356500  -0.361913 1.672008e-04
3.390000 -0.360119  -0.326263 1.702329e-04
3.400000 -0.363382  -0.290251 1.733480e-04
3.410000 -0.366284  -0.253913 1.765411e-04
3.420000 -0.368823  -0.217285 1.798072e-04
3.430000 -0.370996  -0.180402 1.831409e-04
3.440000 -0.372800  -0.143303 1.865364e-04
3.450000 -0.374233  -0.106023 1.899876e-04
3.460000 -0.375294  -0.068599 1.934882e-04
3.470000 -0.375980  -0.031070 1.970319e-04
3.480000 -0.376290  0.006528 2.006117e-04
3.490000 -0.376225  0.044157 2.042208e-04
3.500000 -0.375783  0.081779 2.078521e-04
3.510000 -0.374966  0.119358 2.114983e-04
3.520000 -0.373772  0.156854 2.151521e-04
3.530000 -0.372203  0.194232 2.188062e-04
3.540000 -0.370261  0.231452 2.224530e-04
3.550000 -0.367947  0.268478 2.260852e-04
3.560000 -0.365262  0.305273 2.296952e-04
3.570000 -0.362209  0.341799 2.332756e-04
3.580000 -0.358791  0.378020 2.368192e-04
3.590000 -0.355011  0.413899 2.403186e-04
3.600000 -0.350872  0.449400 2.437668e-04
3.610000 -0.346378  0.484487 2.471570e-04
3.620000 -0.341533  0.519125 2.504823e-04
3.630000 -0.336342  0.553278 2.537364e-04
3.640000 -0.330809  0.586912 2.569130e-04
3.650000 -0.324940  0.619993 2.600062e-04
3.660000 -0.318740  0.652487 2.630104e-04
3.670000 -0.312215  0.684361 2.659203e-04
3.680000 -0.305371  0.715583 2.687311e-04
3.690000 -0.298216  0.746120 2.714383e-04
3.700000 -0.290754  0.775942 2.740378e-04
3.710000 -0.282995  0.805017 2.765259e-04
3.720000 -0.274945  0.833317 2.788997e-04
3.730000 -0.266612  0.860811 2.811562e-04
3.740000 -0.258004  0.887472 2.832935e-04
3.750000 -0.249129  0.913273 2.853098e-04
3.760000 -0.239996  0.938185 2.872039e-04
3.770000 -0.230614  0.962185 2.889754e-04
3.780000 -0.220992  0.985247 2.906241e-04
3.790000 -0.211140  1.007346 2.921504e-04
3.800000 -0.201067  1.028460 2.935556e-04
3.810000 -0.190782  1.048566 2.948412e-04
3.820000 -0.180296  1.067645 2.960094e-04
3.830000 -0.169620  1.085674 2.970628e-04
3.840000 -0.158763  1.102636 2.980049e-04
3.850000 -0.147737  1.118513 2.988394e-04
3.860000 -0.136552  1.133286 2.995707e-04
3.870000 -0.125219  1.146941 3.002037e-04
3.880000 -0.113749  1.159463 3.007437e-04
3.890000 -0.102155  1.170838 3.011968e-04
3.900000 -0.090446  1.181054 3.015692e-04
3.910000 -0.078636  1.190098 3.018678e-04
3.920000 -0.066735  1.197962 3.020998e-04
3.930000 -0.054755  1.204635 3.022730e-04
3.940000 -0.042709  1.210111 3.023953e-04
3.950000 -0.030608  1.214382 3.024752e-04
3.960000 -0.018464  1.217442 3.025214e-04
3.970000 -0.006289  1.219289 3.025428e-04
3.980000 0.005903  1.219918 3.025489e-04
3.990000 0.018103  1.219327 3.025489e-04
4.000000 0.030296  1.217517 3.025527e-04
4.010000 0.042471  1.214488 3.025700e-04
4.020000 0.054616  1.210241 3.026108e-04
4.030000 0.066718  1.204779 3.026850e-04
4.040000 0.078766  1.198107 3.028027e-04
4.050000 0.090747  1.190230 3.029739e-04
4.060000 0.102649  1.181156 3.032085e-04
4.070000 0.114461  1.170891 3.035164e-04
4.080000 0.126170  1.159445 3.039073e-04
4.090000 0.137764  1.146828 3.043908e-04
4.100000 0.149233  1.133051 3.049762e-04
4.110000 0.160563  1.118128 3.056725e-04
4.120000 0.171744  1.102072 3.064886e-04
4.130000 0.182765  1.084897 3.074329e-04
4.140000 0.193614  1.066621 3.085134e-04
4.150000 0.204280  1.047259 3.097378e-04
4.160000 0.214753  1.026831 3.111132e-04
4.170000 0.225021  1.005356 3.126465e-04
4.180000 0.235075  0.982854 3.143437e-04
4.190000 0.244903  0.959346 3.162106e-04
4.200000 0.254497  0.934856 3.182522e-04
4.210000 0.263845  0.909406 3.204731e-04
4.220000 0.272939  0.883022 3.228770e-04
4.230000 0.281770  0.855728 3.254671e-04
4.240000 0.290327  0.827551 3.282461e-04
4.250000 0.298602  0.798518 3.312158e-04
4.260000 0.306588  0.768658 3.343772e-04
4.270000 0.314274  0.737999 3.377310e-04
4.280000 0.321654  0.706572 3.412767e-04
4.290000 0.328720  0.674406 3.450134e-04
4.300000 0.335464  0.641534 3.489394e-04
4.310000 0.341879  0.607988 3.530521e-04
4.320000 0.347959  0.573800 3.573485e-04
4.330000 0.353697  0.539004 3.618246e-04
4.340000 0.359087  0.503634 3.664757e-04
4.350000 0.364124  0.467726 3.712966e-04
4.360000 0.368801  0.431313 3.762812e-04
4.370000 0.373114  0.394433 3.814229e-04
4.380000 0.377058  0.357122 3.867144e-04
4.390000 0.380630  0.319416 3.921477e-04
4.400000 0.383824  0.281353 3.977142e-04
4.410000 0.386637  0.242971 4.034048e-04
4.420000 0.389067  0.204307 4.092100e-04
4.430000 0.391110  0.165400 4.151195e-04
4.440000 0.392764  0.126289 4.211227e-04
4.450000 0.394027  0.087013 4.272086e-04
4.460000 0.394897  0.047610 4.333657e-04
4.470000 0.395373  0.008120 4.395824e-04
4.480000 0.395454  -0.031417 4.458465e-04
4.490000 0.395140  -0.070962 4.521456e-04
4.500000 0.394431  -0.110476 4.584674e-04
4.510000 0.393326  -0.149919 4.647991e-04
4.520000 0.391827  -0.189252 4.711278e-04
4.530000 0.389934  -0.228435 4.774409e-04
4.540000 0.387650  -0.267428 4.837255e-04
4.550000 0.384975  -0.306193 4.899688e-04
4.560000 0.381914  -0.344691 4.961581e-04
4.570000 0.378467  -0.382882 5.022810e-04
4.580000 0.374638  -0.420729 5.083251e-04
4.590000 0.370430  -0.458192 5.142784e-04
4.600000 0.365849  -0.495235 5.201292e-04
4.610000 0.360896  -0.531820 5.258661e-04
4.620000 0.355578  -0.567910 5.314783e-04
4.630000 0.349899  -0.603468 5.369552e-04
4.640000 0.343864  -0.638458 5.422870e-04
4.650000 0.337480  -0.672844 5.474642e-04
4.660000 0.330751  -0.706592 5.524780e-04
4.670000 0.323685  -0.739667 5.573204e-04
4.680000 0.316289  -0.772036 5.619838e-04
4.690000 0.308568  -0.803665 5.664616e-04
4.700000 0.300532  -0.834521 5.707478e-04
4.710000 0.292186  -0.864575 5.748372e-04
4.720000 0.283541  -0.893793 5.787254e-04
4.730000 0.274603  -0.922147 5.824089e-04
4.740000 0.265381  -0.949607 5.858851e-04
4.750000 0.255885  -0.976146 5.891523e-04
4.760000 0.246124  -1.001734 5.922095e-04
4.770000 0.236106  -1.026347 5.950567e-04
4.780000 0.225843  -1.049957 5.976951e-04
4.790000 0.215343  -1.072541 6.001264e-04
4.800000 0.204618  -1.094076 6.023535e-04
4.810000 0.193677  -1.114538 6.043802e-04
4.820000 0.182532  -1.133905 6.062112e-04
4.830000 0.171193  -1.152158 6.078519e-04
4.840000 0.159671  -1.169278 6.093090e-04
4.850000 0.147978  -1.185245 6.105897e-04
4.860000 0.136126  -1.200043 6.117023e-04
4.870000 0.124126  -1.213655 6.126558e-04
4.880000 0.111989  -1.226068 6.134600e-04
4.890000 0.099728  -1.237267 6.141256e-04
4.900000 0.087356  -1.247240 6.146639e-04
4.910000 0.074883  -1.255975 6.150870e-04
4.920000 0.062323  -1.263463 6.154075e-04
4.930000 0.049689  -1.269696 6.156387e-04
4.940000 0.036992  -1.274665 6.157945e-04
4.950000 0.024245  -1.278364 6.158892e-04
4.960000 0.011462  -1.280788 6.159376e-04
4.970000 -0.001346  -1.281935 6.159550e-04
4.980000 -0.014166  -1.281800 6.159568e-04
4.990000 -0.026984  -1.280383 6.159590e-04
5.000000 -0.039787  -1.277685 6.159774e-04
5.010000 -0.052564  -1.273706 6.160284e-04
5.020000 -0.065301  -1.268450 6.161282e-04
5.030000 -0.077986  -1.261920 6.162930e-04
5.040000 -0.090605  -1.254121 6.165392e-04
5.050000 -0.103146  -1.245061 6.168828e-04
5.060000 -0.115597  -1.234746 6.173400e-04
5.070000 -0.127944  -1.223186 6.179262e-04
5.080000 -0.140176  -1.210392 6.186571e-04
5.090000 -0.152280  -1.196374 6.195476e-04
5.100000 -0.164244  -1.181146 6.206124e-04
5.110000 -0.176055  -1.164722 6.218654e-04
5.120000 -0.187703  -1.147116 6.233204e-04
5.130000 -0.199174  -1.128346 6.249902e-04
5.140000 -0.210457  -1.108429 6.268870e-04
5.150000 -0.221541  -1.087383 6.290223e-04
5.160000 -0.232415  -1.065229 6.314069e-04
5.170000 -0.243068  -1.041987 6.340506e-04
5.180000 -0.253487  -1.017681 6.369624e-04
5.190000 -0.263664  -0.992332 6.401504e-04
5.200000 -0.273588  -0.965965 6.436216e-04
5.210000 -0.283247  -0.938607 6.473821e-04
5.220000 -0.292633  -0.910282 6.514369e-04
5.230000 -0.301736  -0.881019 6.557900e-04
5.240000 -0.310546  -0.850845 6.604442e-04
5.250000 -0.319055  -0.819790 6.654013e-04
5.260000 -0.327253  -0.787885 6.706619e-04
5.270000 -0.335131  -0.755160 6.762255e-04
5.280000 -0.342683  -0.721646 6.820903e-04
5.290000 -0.349900  -0.687378 6.882534e-04
5.300000 -0.356773  -0.652388 6.947110e-04
5.310000 -0.363297  -0.616711 7.014578e-04
5.320000 -0.369464  -0.580381 7.084876e-04
5.330000 -0.375268  -0.543435 7.157928e-04
5.340000 -0.380702  -0.505908 7.233651e-04
5.350000 -0.385762  -0.467838 7.311947e-04
5.360000 -0.390440  -0.429261 7.392712e-04
5.370000 -0.394733  -0.390217 7.475827e-04
5.380000 -0.398635  -0.350744 7.561168e-04
5.390000 -0.402142  -0.310881 7.648598e-04
5.400000 -0.405251  -0.270666 7.737974e-04
5.410000 -0.407958  -0.230141 7.829143e-04
5.420000 -0.410259  -0.189346 7.921944e-04
5.430000 -0.412153  -0.148320 8.016210e-04
5.440000 -0.413636  -0.107104 8.111767e-04
5.450000 -0.414707  -0.065741 8.208435e-04
5.460000 -0.415364  -0.024270 8.306030e-04
5.470000 -0.415607  0.017266 8.404361e-04
5.480000 -0.415434  0.058827 8.503235e-04
5.490000 -0.414846  0.100370 8.602456e-04
5.500000 -0.413842  0.141855 8.701826e-04
5.510000 -0.412424  0.183239 8.801145e-04
5.520000 -0.410591  0.224481 8.900212e-04
5.530000 -0.408346  0.265541 8.998826e-04
5.540000 -0.405691  0.306375 9.096789e-04
5.550000 -0.402627  0.346944 9.193903e-04
5.560000 -0.399158  0.387207 9.289974e-04
5.570000 -0.395286  0.427123 9.384809e-04
5.580000 -0.391015  0.466651 9.478221e-04
5.590000 -0.386348  0.505753 9.570030e-04
5.600000 -0.381291  0.544388 9.660058e-04
5.610000 -0.375847  0.582517 9.748135e-04
5.620000 -0.370021  0.620101 9.834101e-04
5.630000 -0.363820  0.657104 9.917800e-04
5.640000 -0.357249  0.693486 9.999087e-04
5.650000 -0.350315  0.729211 1.007783e-03
5.660000 -0.343022  0.764242 1.015389e-03
5.670000 -0.335380  0.798544 1.022717e-03
5.680000 -0.327395  0.832082 1.029755e-03
5.690000 -0.319074  0.864822 1.036496e-03
5.700000 -0.310426  0.896729 1.042929e-03
5.710000 -0.301458  0.927772 1.049049e-03
5.720000 -0.292181  0.957918 1.054851e-03
5.730000 -0.282601  0.987136 1.060330e-03
5.740000 -0.272730  1.015396 1.065484e-03
5.750000 -0.262576  1.042669 1.070310e-03
5.760000 -0.252149  1.068926 1.074810e-03
5.770000 -0.241460  1.094141 1.078985e-03
5.780000 -0.230519  1.118287 1.082837e-03
5.790000 -0.219336  1.141339 1.086372e-03
5.800000 -0.207922  1.163273 1.089593e-03
5.810000 -0.196290  1.184065 1.092510e-03
5.820000 -0.184449  1.203694 1.095129e-03
5.830000 -0.172412  1.222139 1.097462e-03
5.840000 -0.160191  1.239380 1.099519e-03
5.850000 -0.147797  1.255399 1.101313e-03
5.860000 -0.135243  1.270179 1.102857e-03
5.870000 -0.122541  1.283703 1.104166e-03
5.880000 -0.109704  1.295957 1.105257e-03
5.890000 -0.096745  1.306928 1.106147e-03
5.900000 -0.083675  1.316602 1.106853e-03
5.910000 -0.070509  1.324970 1.107396e-03
5.920000 -0.057260  1.332021 1.107795e-03
5.930000 -0.043939  1.337747 1.108071e-03
5.940000 -0.030562  1.342140 1.108246e-03
5.950000 -0.017140  1.345197 1.108343e-03
5.960000 -0.003689  1.346911 1.108383e-03
5.970000 0.009781  1.347280 1.108392e-03
5.980000 0.023253  1.346301 1.108392e-03
5.990000 0.036716  1.343976 1.108408e-03
6.000000 0.050156  1.340305 1.108465e-03
6.010000 0.063559  1.335289 1.108586e-03
6.020000 0.076912  1.328933 1.108797e-03
6.030000 0.090201  1.321242 1.109121e-03
6.040000 0.103414  1.312222 1.109584e-03
6.050000 0.116536  1.301880 1.110208e-03
6.060000 0.129555  1.290227 1.111019e-03
6.070000 0.142457  1.277271 1.112038e-03
6.080000 0.155230  1.263025 1.113289e-03
6.090000 0.167860  1.247502 1.114794e-03
6.100000 0.180335  1.230716 1.116573e-03
6.110000 0.192642  1.212683 1.118647e-03
6.120000 0.204769  1.193419 1.121036e-03
6.130000 0.216703  1.172942 1.123758e-03
6.140000 0.228433  1.151271 1.126829e-03
6.150000 0.239945  1.128428 1.130267e-03
6.160000 0.251230  1.104434 1.134085e-03
6.170000 0.262274  1.079311 1.138298e-03
6.180000 0.273067  1.053083 1.142918e-03
6.190000 0.283598  1.025777 1.147954e-03
6.200000 0.293856  0.997417 1.153417e-03
6.210000 0.303830  0.968031 1.159313e-03
6.220000 0.313510  0.937648 1.165649e-03
6.230000 0.322887  0.906297 1.172429e-03
6.240000 0.331950  0.874009 1.179656e-03
6.250000 0.340690  0.840814 1.187331e-03
6.260000 0.349098  0.806745 1.195453e-03
6.270000 0.357165  0.771835 1.204020e-03
6.280000 0.364884  0.736118 1.213027e-03
6.290000 0.372245  0.699630 1.222468e-03
6.300000 0.379241  0.662405 1.232337e-03
6.310000 0.385865  0.624481 1.242624e-03
6.320000 0.392110  0.585895 1.253317e-03
6.330000 0.397969  0.546684 1.264405e-03
6.340000 0.403436  0.506887 1.275874e-03
6.350000 0.408505  0.466543 1.287707e-03
6.360000 0.413170  0.425693 1.299888e-03
6.370000 0.417427  0.384376 1.312399e-03
6.380000 0.421271  0.342633 1.325218e-03
6.390000 0.424697  0.300506 1.338326e-03
6.400000 0.427702  0.258036 1.351699e-03
6.410000 0.430283  0.215266 1.365314e-03
6.420000 0.432435  0.172238 1.379147e-03
6.430000 0.434158  0.128994 1.393172e-03
6.440000 0.435448  0.085578 1.407362e-03
6.450000 0.436303  0.042034 1.421691e-03
6.460000 0.436724  -0.001597 1.436130e-03
6.470000 0.436708  -0.045269 1.450652e-03
6.480000 0.436255  -0.088940 1.465227e-03
6.490000 0.435366  -0.132565 1.479826e-03
6.500000 0.434040  -0.176102 1.494421e-03
6.510000 0.432279  -0.219506 1.508981e-03
6.520000 0.430084  -0.262734 1.523478e-03
6.530000 0.427457  -0.305742 1.537882e-03
6.540000 0.424399  -0.348488 1.552164e-03
6.550000 0.420914  -0.390928 1.566296e-03
6.560000 0.417005  -0.433019 1.580249e-03
6.570000 0.412675  -0.474720 1.593996e-03
6.580000 0.407928  -0.515987 1.607511e-03
6.590000 0.402768  -0.556780 1.620768e-03
6.600000 0.397200  -0.597057 1.633742e-03
6.610000 0.391229  -0.636777 1.646409e-03
6.620000 0.384862  -0.675900 1.658746e-03
6.630000 0.378103  -0.714386 1.670733e-03
6.640000 0.370959  -0.752196 1.682349e-03
6.650000 0.363437  -0.789292 1.693576e-03
6.660000 0.355544  -0.825635 1.704397e-03
6.670000 0.347288  -0.861190 1.714796e-03
6.680000 0.338676  -0.895919 1.724761e-03
6.690000 0.329716  -0.929786 1.734278e-03
6.700000 0.320419  -0.962758 1.743339e-03
6.710000 0.310791  -0.994800 1.751936e-03
6.720000 0.300843  -1.025879 1.760061e-03
6.730000 0.290584  -1.055963 1.767711e-03
6.740000 0.280025  -1.085022 1.774883e-03
6.750000 0.269174  -1.113024 1.781579e-03
6.760000 0.258044  -1.139941 1.787798e-03
6.770000 0.246645  -1.165746 1.793546e-03
6.780000 0.234987  -1.190410 1.798827e-03
6.790000 0.223083  -1.213909 1.803651e-03
6.800000 0.210944  -1.236217 1.808027e-03
6.810000 0.198582  -1.257312 1.811968e-03
6.820000 0.186009  -1.277170 1.815486e-03
6.830000 0.173237  -1.295771 1.818599e-03
6.840000 0.160279  -1.313094 1.821323e-03
6.850000 0.147148  -1.329122 1.823679e-03
6.860000 0.133857  -1.343837 1.825687e-03
6.870000 0.120419  -1.357223 1.827371e-03
6.880000 0.106847  -1.369265 1.828754e-03
6.890000 0.093154  -1.379950 1.829864e-03
6.900000 0.079354  -1.389265 1.830728e-03
6.910000 0.065462  -1.397200 1.831373e-03
6.920000 0.051490  -1.403747 1.831831e-03
6.930000 0.037452  -1.408896 1.832132e-03
6.940000 0.023363  -1.412641 1.832308e-03
6.950000 0.009237  -1.414977 1.832391e-03
6.960000 -0.004913  -1.415901 1.832417e-03
6.970000 -0.019072  -1.415410 1.832417e-03
6.980000 -0.033226  -1.413502 1.832428e-03
6.990000 -0.047361  -1.410180 1.832484e-03
7.000000 -0.061463  -1.405444 1.832620e-03
7.010000 -0.075517  -1.399297 1.832870e-03
7.020000 -0.089510  -1.391746 1.833271e-03
7.030000 -0.103428  -1.382795 1.833857e-03
7.040000 -0.117256  -1.372452 1.834661e-03
7.050000 -0.130980  -1.360726 1.835718e-03
7.060000 -0.144587  -1.347628 1.837061e-03
7.070000 -0.158064  -1.333170 1.838723e-03
7.080000 -0.171395  -1.317363 1.840734e-03
7.090000 -0.184569  -1.300224 1.843125e-03
7.100000 -0.197571  -1.281767 1.845925e-03
7.110000 -0.210389  -1.262010 1.849162e-03
7.120000 -0.223009  -1.240971 1.852862e-03
7.130000 -0.235419  -1.218670 1.857049e-03
7.140000 -0.247605  -1.195128 1.861748e-03
7.150000 -0.259557  -1.170367 1.866978e-03
7.160000 -0.271260  -1.144412 1.872760e-03
7.170000 -0.282704  -1.117286 1.879111e-03
7.180000 -0.293877  -1.089015 1.886046e-03
7.190000 -0.304767  -1.059628 1.893579e-03
7.200000 -0.315364  -1.029151 1.901720e-03
7.210000 -0.325655  -0.997615 1.910478e-03
7.220000 -0.335631  -0.965049 1.919860e-03
7.230000 -0.345282  -0.931486 1.929870e-03
7.240000 -0.354597  -0.896958 1.940510e-03
7.250000 -0.363566  -0.861498 1.951779e-03
7.260000 -0.372181  -0.825141 1.963673e-03
7.270000 -0.380433  -0.787923 1.976188e-03
7.280000 -0.388312  -0.749880 1.989315e-03
7.290000 -0.395811  -0.711049 2.003044e-03
7.300000 -0.402921  -0.671468 2.017363e-03
7.310000 -0.409636  -0.631176 2.032256e-03
7.320000 -0.415948  -0.590212 2.047707e-03
7.330000 -0.421850  -0.548617 2.063695e-03
7.340000 -0.427336  -0.506432 2.080199e-03
7.350000 -0.432400  -0.463699 2.097195e-03
7.360000 -0.437037  -0.420459 2.114658e-03
7.370000 -0.441242  -0.376755 2.132560e-03
7.380000 -0.445009  -0.332631 2.150870e-03
7.390000 -0.448336  -0.288130 2.169558e-03
7.400000 -0.451217  -0.243296 2.188592e-03
7.410000 -0.453650  -0.198175 2.207936e-03
7.420000 -0.455632  -0.152810 2.227555e-03
7.430000 -0.457160  -0.107246 2.247413e-03
7.440000 -0.458232  -0.061530 2.267471e-03
7.450000 -0.458848  -0.015707 2.287690e-03
7.460000 -0.459005  0.030178 2.308030e-03
7.470000 -0.458703  0.076078 2.328453e-03
7.480000 -0.457942  0.121948 2.348916e-03
7.490000 -0.456723  0.167743 2.369379e-03
7.500000 -0.455045  0.213415 2.389800e-03
7.510000 -0.452911  0.258919 2.410139e-03
7.520000 -0.450322  0.304210 2.430355e-03
7.530000 -0.447280  0.349243 2.450407e-03
7.540000 -0.443787  0.393971 2.470255e-03
7.550000 -0.439848  0.438349 2.489860e-03
7.560000 -0.435464  0.482334 2.509183e-03
7.570000 -0.430641  0.525880 2.528188e-03
7.580000 -0.425382  0.568945 2.546837e-03
7.590000 -0.419692  0.611483 2.565096e-03
7.600000 -0.413578  0.653452 2.582932e-03
7.610000 -0.407043  0.694810 2.600312e-03
7.620000 -0.400095  0.735514 2.617207e-03
7.630000 -0.392740  0.775524 2.633589e-03
7.640000 -0.384985  0.814798 2.649432e-03
7.650000 -0.376837  0.853296 2.664711e-03
7.660000 -0.368304  0.890980 2.679405e-03
7.670000 -0.359394  0.927810 2.693494e-03
7.680000 -0.350116  0.963749 2.706963e-03
7.690000 -0.340478  0.998761 2.719796e-03
7.700000 -0.330491  1.032809 2.731982e-03
7.710000 -0.320163  1.065858 2.743511e-03
7.720000 -0.309504  1.097874 2.754378e-03
7.730000 -0.298525  1.128825 2.764579e-03
7.740000 -0.287237  1.158677 2.774112e-03
7.750000 -0.275650  1.187401 2.782981e-03
7.760000 -0.263776  1.214966 2.791190e-03
7.770000 -0.251627  1.241344 2.798747e-03
7.780000 -0.239213  1.266506 2.805662e-03
7.790000 -0.226548  1.290428 2.811949e-03
7.800000 -0.213644  1.313082 2.817623e-03
7.810000 -0.200513  1.334447 2.822705e-03
7.820000 -0.187169  1.354498 2.827214e-03
7.830000 -0.173624  1.373215 2.831175e-03
7.840000 -0.159891  1.390577 2.834615e-03
7.850000 -0.145986  1.406566 2.837562e-03
7.860000 -0.131920  1.421165 2.840048e-03
7.870000 -0.117708  1.434357 2.842106e-03
7.880000 -0.103365  1.446128 2.843772e-03
7.890000 -0.088904  1.456464 2.845083e-03
7.900000 -0.074339  1.465355 2.846079e-03
7.910000 -0.059685  1.472789 2.846800e-03
7.920000 -0.044957  1.478757 2.847288e-03
7.930000 -0.030170  1.483253 2.847588e-03
7.940000 -0.015337  1.486270 2.847745e-03
7.950000 -0.000475  1.487804 2.847804e-03
7.960000 0.014403  1.487851 2.847812e-03
7.970000 0.029282  1.486411 2.847816e-03
7.980000 0.044146  1.483482 2.847864e-03
7.990000 0.058981  1.479068 2.848005e-03
8.000000 0.073772  1.473170 2.848287e-03
8.010000 0.088503  1.465793 2.848757e-03
8.020000 0.103161  1.456942 2.849463e-03
8.030000 0.117731  1.446626 2.850453e-03
8.040000 0.132197  1.434853 2.851773e-03
8.050000 0.146545  1.421633 2.853468e-03
8.060000 0.160762  1.406979 2.855583e-03
8.070000 0.174831  1.390903 2.858162e-03
8.080000 0.188740  1.373420 2.861246e-03
8.090000 0.202475  1.354546 2.864874e-03
8.100000 0.216020  1.334298 2.869087e-03
8.110000 0.229363  1.312696 2.873919e-03
8.120000 0.242490  1.289760 2.879405e-03
8.130000 0.255388  1.265511 2.885578e-03
8.140000 0.268043  1.239972 2.892466e-03
8.150000 0.280443  1.213168 2.900096e-03
8.160000 0.292574  1.185123 2.908494e-03
8.170000 0.304425  1.155866 2.917680e-03
8.180000 0.315984  1.125423 2.927673e-03
8.190000 0.327238  1.093825 2.938488e-03
8.200000 0.338177  1.061101 2.950139e-03
8.210000 0.348788  1.027284 2.962635e-03
8.220000 0.359060  0.992405 2.975982e-03
8.230000 0.368984  0.956499 2.990182e-03
8.240000 0.378549  0.919600 3.005236e-03
8.250000 0.387745  0.881745 3.021141e-03
8.260000 0.396563  0.842971 3.037888e-03
8.270000 0.404993  0.803315 3.055469e-03
8.280000 0.413026  0.762815 3.073870e-03
8.290000 0.420654  0.721513 3.093074e-03
8.300000 0.427869  0.679447 3.113061e-03
8.310000 0.434664  0.636660 3.133809e-03
8.320000 0.441030  0.593194 3.155292e-03
8.330000 0.446962  0.549091 3.177480e-03
8.340000 0.452453  0.504395 3.200342e-03
8.350000 0.457497  0.459150 3.223844e-03
8.360000 0.462088  0.413400 3.247948e-03
8.370000 0.466222  0.367191 3.272615e-03
8.380000 0.469894  0.320569 3.297802e-03
8.390000 0.473100  0.273579 3.323467e-03
8.400000 0.475836  0.226269 3.349562e-03
8.410000 0.478098  0.178686 3.376040e-03
8.420000 0.479885  0.130876 3.402851e-03
8.430000 0.481194  0.082887 3.429943e-03
8.440000 0.482023  0.034768 3.457265e-03
8.450000 0.482371  -0.013434 3.484764e-03
8.460000 0.482236  -0.061671 3.512384e-03
8.470000 0.481620  -0.109895 3.540070e-03
8.480000 0.480521  -0.158057 3.567768e-03
8.490000 0.478940  -0.206109 3.595422e-03
8.500000 0.476879  -0.254003 3.622977e-03
8.510000 0.474339  -0.301691 3.650376e-03
8.520000 0.471322  -0.349125 3.677565e-03
8.530000 0.467831  -0.396257 3.704489e-03
8.540000 0.463868  -0.443040 3.731097e-03
8.550000 0.459438  -0.489427 3.757335e-03
8.560000 0.454544  -0.535371 3.783153e-03
8.570000 0.449190  -0.580825 3.808501e-03
8.580000 0.443382  -0.625744 3.833332e-03
8.590000 0.437124  -0.670082 3.857600e-03
8.600000 0.430423  -0.713795 3.881263e-03
8.610000 0.423285  -0.756837 3.904280e-03
8.620000 0.415717  -0.799166 3.926611e-03
8.630000 0.407725  -0.840737 3.948221e-03
8.640000 0.399318  -0.881510 3.969077e-03
8.650000 0.390503  -0.921442 3.989150e-03
8.660000 0.381288  -0.960492 4.008413e-03
8.670000 0.371684  -0.998621 4.026842e-03
8.680000 0.361697  -1.035789 4.044418e-03
8.690000 0.351339  -1.071959 4.061123e-03
8.700000 0.340620  -1.107093 4.076946e-03
8.710000 0.329549  -1.141155 4.091875e-03
8.720000 0.318137  -1.174110 4.105907e-03
8.730000 0.306396  -1.205923 4.119039e-03
8.740000 0.294337  -1.236563 4.131272e-03
8.750000 0.281971  -1.265997 4.142614e-03
8.760000 0.269311  -1.294194 4.153073e-03
8.770000 0.256370  -1.321125 4.162662e-03
8.780000 0.243158  -1.346762 4.171399e-03
8.790000 0.229691  -1.371078 4.179304e-03
8.800000 0.215980  -1.394047 4.186402e-03
8.810000 0.202039  -1.415645 4.192720e-03
8.820000 0.187883  -1.435849 4.198291e-03
8.830000 0.173524  -1.454637 4.203148e-03
8.840000 0.158978  -1.471990 4.207330e-03
8.850000 0.144258  -1.487887 4.210878e-03
8.860000 0.129379  -1.502313 4.213836e-03
8.870000 0.114356  -1.515251 4.216250e-03
8.880000 0.099204  -1.526687 4.218171e-03
8.890000 0.083937  -1.536607 4.219649e-03
8.900000 0.068571  -1.545001 4.220740e-03
8.910000 0.053121  -1.551858 4.221500e-03
8.920000 0.037602  -1.557170 4.221986e-03
8.930000 0.022030  -1.560930 4.222258e-03
8.940000 0.006421  -1.563133 4.222376e-03
8.950000 -0.009210  -1.563775 4.222404e-03
8.960000 -0.024848  -1.562854 4.222405e-03
8.970000 -0.040476  -1.560370 4.222440e-03
8.980000 -0.056080  -1.556322 4.222576e-03
8.990000 -0.071643  -1.550714 4.222876e-03
9.000000 -0.087151  -1.543550 4.223403e-03
9.010000 -0.102586  -1.534834 4.224222e-03
9.020000 -0.117934  -1.524576 4.225396e-03
9.030000 -0.133180  -1.512782 4.226986e-03
9.040000 -0.148308  -1.499464 4.229054e-03
9.050000 -0.163303  -1.484634 4.231659e-03
9.060000 -0.178149  -1.468303 4.234859e-03
9.070000 -0.192832  -1.450488 4.238711e-03
9.080000 -0.207337  -1.431205 4.243267e-03
9.090000 -0.221649  -1.410472 4.248579e-03
9.100000 -0.235754  -1.388307 4.254697e-03
9.110000 -0.249637  -1.364731 4.261666e-03
9.120000 -0.263284  -1.339768 4.269530e-03
9.130000 -0.276682  -1.313439 4.278329e-03
9.140000 -0.289816  -1.285771 4.288098e-03
9.150000 -0.302674  -1.256790 4.298872e-03
9.160000 -0.315242  -1.226522 4.310680e-03
9.170000 -0.327507  -1.194998 4.323547e-03
9.180000 -0.339457  -1.162247 4.337494e-03
9.190000 -0.351079  -1.128302 4.352541e-03
9.200000 -0.362362  -1.093194 4.368699e-03
9.210000 -0.373294  -1.056957 4.385978e-03
9.220000 -0.383864  -1.019628 4.404384e-03
9.230000 -0.394060  -0.981242 4.423917e-03
9.240000 -0.403873  -0.941836 4.444573e-03
9.250000 -0.413291  -0.901448 4.466344e-03
9.260000 -0.422305  -0.860119 4.489218e-03
9.270000 -0.430907  -0.817889 4.513178e-03
9.280000 -0.439085  -0.774798 4.538203e-03
9.290000 -0.446833  -0.730890 4.564268e-03
9.300000 -0.454142  -0.686206 4.591344e-03
9.310000 -0.461004  -0.640792 4.619397e-03
9.320000 -0.467412  -0.594691 4.648391e-03
9.330000 -0.473359  -0.547950 4.678284e-03
9.340000 -0.478839  -0.500614 4.709030e-03
9.350000 -0.483845  -0.452730 4.740584e-03
9.360000 -0.488372  -0.404346 4.772891e-03
9.370000 -0.492416  -0.355509 4.805899e-03
9.380000 -0.495971  -0.306267 4.839550e-03
9.390000 -0.499033  -0.256670 4.873783e-03
9.400000 -0.501600  -0.206767 4.908535e-03
9.410000 -0.503668  -0.156607 4.943743e-03
9.420000 -0.505234  -0.106240 4.979338e-03
9.430000 -0.506296  -0.055717 5.015252e-03
9.440000 -0.506853  -0.005087 5.051415e-03
9.450000 -0.506904  0.045598 5.087756e-03
9.460000 -0.506448  0.096289 5.124202e-03
9.470000 -0.505485  0.146934 5.160682e-03
9.480000 -0.504016  0.197482 5.197120e-03
9.490000 -0.502041  0.247884 5.233446e-03
9.500000 -0.499562  0.298088 5.269585e-03
9.510000 -0.496582  0.348044 5.305465e-03
9.520000 -0.493101  0.397702 5.341015e-03
9.530000 -0.489124  0.447012 5.376164e-03
9.540000 -0.484654  0.495925 5.410844e-03
9.550000 -0.479695  0.544390 5.444987e-03
9.560000 -0.474251  0.592360 5.478529e-03
9.570000 -0.468327  0.639785 5.511406e-03
9.580000 -0.461929  0.686617 5.543557e-03
9.590000 -0.455063  0.732810 5.574926e-03
9.600000 -0.447735  0.778317 5.605458e-03
9.610000 -0.439952  0.823090 5.635101e-03
9.620000 -0.431721  0.867085 5.663808e-03
9.630000 -0.423050  0.910258 5.691535e-03
9.640000 -0.413948  0.952563 5.718242e-03
9.650000 -0.404422  0.993957 5.743892e-03
9.660000 -0.394482  1.034400 5.768454e-03
9.670000 -0.384138  1.073848 5.791900e-03
9.680000 -0.373400  1.112262 5.814208e-03
9.690000 -0.362277  1.149602 5.835360e-03
9.700000 -0.350781  1.185829 5.855342e-03
9.710000 -0.338923  1.220907 5.874145e-03
9.720000 -0.326714  1.254800 5.891766e-03
9.730000 -0.314166  1.287471 5.908206e-03
9.740000 -0.301291  1.318888 5.923472e-03
9.750000 -0.288102  1.349017 5.937574e-03
9.760000 -0.274612  1.377827 5.950529e-03
9.770000 -0.260834  1.405288 5.962358e-03
9.780000 -0.246781  1.431372 5.973086e-03
9.790000 -0.232467  1.456050 5.982744e-03
9.800000 -0.217907  1.479297 5.991368e-03
9.810000 -0.203114  1.501087 5.998997e-03
9.820000 -0.188103  1.521399 6.005676e-03
9.830000 -0.172889  1.540209 6.011453e-03
9.840000 -0.157487  1.557498 6.016380e-03
9.850000 -0.141912  1.573246 6.020515e-03
9.860000 -0.126179  1.587438 6.023917e-03
9.870000 -0.110305  1.600056 6.026651e-03
9.880000 -0.094305  1.611086 6.028782e-03
9.890000 -0.078194  1.620517 6.030381e-03
9.900000 -0.061988  1.628336 6.031520e-03
9.910000 -0.045705  1.634535 6.032275e-03
9.920000 -0.029360  1.639105 6.032722e-03
9.930000 -0.012969  1.642041 6.032940e-03
9.940000 0.003452  1.643338 6.033010e-03
9.950000 0.019885  1.642993 6.033014e-03
9.960000 0.036315  1.641004 6.033034e-03
9.970000 0.052725  1.637373 6.033154e-03
9.980000 0.069099  1.632100 6.033456e-03
9.990000 0.085420  1.625191 6.034024e-03
10.000000 0.101672  1.616649 6.034942e-03
